归一化相速 耦合阻抗 衰减
0.0821239	5.21023	20.7591
0.0927527	8.39682	16.9337
0.101867	24.4591	16.1188
0.0873094	8.21425	18.9599
0.819036	5.09423	20.8381
0.110875	27.8185	14.4165
0.103476	23.5972	15.6043
0.0999679	16.7647	15.9473
0.0998297	21.7064	16.2592
0.0874497	7.63651	18.7805
0.0949634	100.627	8.78052
0.0864192	74.9578	9.83451
0.125441	141.797	6.62112
0.922993	9.90773	17.229
0.102259	139.451	1.035
0.11275	145.665	7.36425
0.113988	139.032	7.28102
0.098485	91.552	8.20751
0.0914958	18.2123	19.1476
0.0950147	102.092	8.82937
0.115714	136.467	7.10295
0.0970947	11.8881	15.5913
0.100669	97.4745	8.02386
0.110676	122.313	7.37124
0.0848863	76.794	10.1756
0.0871349	81.0122	9.76041
0.1051	103.292	7.51371
0.138533	123.16	3.36379
0.108613	117.116	6.13869
0.129731	148.538	6.20533
0.129785	149.338	6.20722
0.129164	146.202	6.22724
0.128729	143.998	6.27182
0.126482	133.377	6.27538
0.125897	130.9	6.30265
0.128157	141.784	6.30424
0.124087	123.038	6.33196
0.127061	135.91	6.33393
0.127704	139.473	6.34672
0.127343	137.31	6.35222
0.127343	137.31	6.35373
0.128012	149.339	6.36008
0.125892	141.283	6.36218
0.12438	131.471	6.38928
0.127403	146.377	6.39829
0.124727	125.752	6.40694
0.126401	140.329	6.40718
0.125291	128.227	6.40756
0.127987	148.618	6.4227
0.12704	143.987	6.42707
0.123989	128.711	6.43838
0.125086	134.274	6.44961
0.126505	141.936	6.45697
0.122485	134.107	6.46328
0.125742	137.802	6.46581
0.125779	137.929	6.46727
0.126002	145.344	6.47337
0.125483	148.784	6.47371
0.122619	123.469	6.47887
0.12212	131.83	6.48618
0.125417	136.1	6.49422
0.124986	146.531	6.49493
0.125655	150.333	6.4956
0.123485	126.63	6.496
0.123852	140.638	6.5222
0.121464	129.049	6.52424
0.124487	137.704	6.53308
0.124834	139.586	6.53564
0.12579	143.954	6.53924
0.124446	144.504	6.54214
0.123025	138.06	6.54371
0.123098	136.925	6.54891
0.123356	138.109	6.56547
0.123356	138.109	6.5664
0.124399	145.322	6.56793
0.124132	142.307	6.58343
0.120402	123.863	6.58367
0.123674	133.086	6.59023
0.123674	133.086	6.59133
0.124049	135.433	6.59975
0.12129	121.891	6.60204
0.124067	143.874	6.60393
0.120966	126.653	6.60538
0.121006	138.369	6.6123
0.121006	138.369	6.61257
0.120817	127.212	6.61504
0.122875	129.211	6.61723
0.122475	135.591	6.61773
0.123427	131.853	6.61909
0.122216	133.549	6.62731
0.121991	145.266	6.62832
0.122216	133.545	6.62844
0.118655	127.415	6.6348
0.121334	141.431	6.6427
0.121393	128.075	6.64948
0.120292	136.035	6.64984
0.122296	145.317	6.65269
0.121521	140.862	6.65399
0.122284	126.612	6.65833
0.124039	142.47	6.66731
0.119894	133.349	6.66885
0.11987	133.494	6.67055
0.120587	119.051	6.67277
0.120264	134.796	6.67861
0.118974	129.767	6.68034
0.121651	144.147	6.68067
0.120133	128.544	6.68338
0.120132	128.544	6.68466
0.119877	127.079	6.69292
0.122097	139.331	6.69769
0.12275	147.398	6.69772
0.118979	127.448	6.69848
0.120555	131.01	6.69991
0.119473	131.973	6.71116
0.121779	124.228	6.71619
0.118894	122.307	6.71686
0.123093	150.432	6.71737
0.120638	138.19	6.71798
0.120762	136.854	6.71969
0.121348	135.252	6.72371
0.121979	143.137	6.72743
0.120232	124.443	6.73575
0.121	132.863	6.7411
0.119846	122.108	6.7415
0.12178	137.286	6.74176
0.11827	124.39	6.74585
0.120879	151.12	6.74974
0.119493	125.172	6.75306
0.118766	138.751	6.75783
0.117949	124.598	6.75817
0.117631	122.152	6.76062
0.121991	132.134	6.76587
0.119245	119.313	6.76619
0.119896	132.348	6.77261
0.122305	140.354	6.77446
0.120918	139.861	6.77829
0.122957	149.243	6.77878
0.117378	132.45	6.79354
0.119127	131.291	6.80014
0.118796	140.462	6.80107
0.117897	134.911	6.81149
0.1176	133.906	6.81585
0.119464	145.428	6.81744
0.118396	119.96	6.82041
0.116987	119.403	6.82192
0.12061	139.406	6.82659
0.117898	117.348	6.83662
0.120806	140.493	6.83759
0.118348	137.362	6.83854
0.120524	149.522	6.85518
0.119787	135.193	6.85585
0.119347	143.06	6.85634
0.118881	129.364	6.86262
0.117307	130.977	6.86615
0.118351	140.395	6.8689
0.118483	127.362	6.86896
0.119274	129.526	6.86963
0.118744	128.935	6.86979
0.119491	133.005	6.87351
0.117158	130.061	6.87526
0.116969	120.11	6.88075
0.115751	125.267	6.88083
0.11911	142.663	6.88258
0.119342	144.08	6.88755
0.116287	128.347	6.89365
0.116287	128.347	6.89394
0.117213	126.237	6.89417
0.116761	131.224	6.90234
0.117486	128.168	6.90443
0.115188	127.014	6.90457
0.116232	125.629	6.90518
0.116537	127.295	6.90894
0.11656	127.741	6.91518
0.117316	114.808	6.91798
0.11872	139.082	6.91842
0.120315	137.097	6.91854
0.118696	138.965	6.9187
0.11791	130.286	6.92235
0.115864	124.311	6.92251
0.115097	122.553	6.92777
0.117719	132.78	6.93
0.116119	127.474	6.93168
0.117379	134.908	6.93245
0.115906	114.945	6.93359
0.116824	124.005	6.93533
0.116824	124.005	6.93589
0.115444	122.504	6.93633
0.118149	139.172	6.93871
0.114843	119.841	6.9407
0.119134	140.65	6.9407
0.11519	132.703	6.94162
0.120235	147.182	6.94697
0.119916	145.032	6.94767
0.11614	120.408	6.95221
0.118671	133.979	6.95405
0.11805	134.969	6.95503
0.118856	135.106	6.95512
0.118059	134.968	6.95612
0.117911	137.174	6.95615
0.114585	130.196	6.95671
0.117992	125.054	6.95715
0.117013	143.088	6.96017
0.116323	139.112	6.9625
0.115817	126.297	6.96263
0.116323	139.112	6.96342
0.117548	135.122	6.97989
0.11708	144.637	6.98082
0.114715	120.296	6.98331
0.114522	119.495	6.98387
0.114533	130.023	6.98668
0.118146	132.023	6.98758
0.117439	122.355	6.9879
0.116469	140.379	6.9891
0.115831	137.396	6.99107
0.117302	145.447	6.99562
0.113765	125.255	7.00173
0.115446	134.932	7.00403
0.116001	138.243	7.00472
0.113724	115.062	7.00993
0.116595	140.924	7.01016
0.116064	128.36	7.01121
0.114233	127.701	7.01154
0.117217	134.048	7.01384
0.115623	124.41	7.01456
0.116398	117.371	7.02067
0.112894	120.725	7.02135
0.115583	117.902	7.02195
0.113261	122.048	7.02226
0.114087	117.327	7.02395
0.116577	122.23	7.02653
0.114758	120.484	7.02708
0.115402	123.774	7.02908
0.114565	112.935	7.03155
0.117179	133.222	7.03167
0.112068	117.995	7.0372
0.115429	134.302	7.03787
0.115433	134.327	7.038
0.113928	127.217	7.03953
0.112338	119.571	7.04148
0.117379	145.578	7.04216
0.113537	125.171	7.04272
0.116012	137.119	7.04388
0.11512	115.45	7.05224
0.116379	140.045	7.05246
0.112765	122.591	7.05404
0.113846	125.608	7.05417
0.11406	127.862	7.05476
0.111523	115.253	7.05538
0.114111	121.678	7.05546
0.112783	122.062	7.05878
0.115568	129.598	7.05891
0.113642	119.082	7.06209
0.116864	132.01	7.06526
0.113082	123.725	7.06827
0.11219	117.913	7.06899
0.113082	123.725	7.06922
0.115543	135.384	7.06946
0.113353	123.46	7.0706
0.113539	118.916	7.07102
0.113401	117.67	7.07191
0.115109	122.475	7.07219
0.118335	150.833	7.07226
0.116862	142.483	7.07777
0.110764	112.274	7.07819
0.113355	125.47	7.07842
0.116642	130.83	7.0847
0.114217	128.524	7.08546
0.114198	128.811	7.08806
0.117962	147.996	7.09211
0.11229	119.024	7.09429
0.115003	134.686	7.09549
0.112301	119.066	7.09574
0.112039	117.577	7.09707
0.113776	127.885	7.0995
0.115218	132.96	7.10164
0.110896	112.431	7.11052
0.112694	120.824	7.11724
0.114157	117.886	7.12107
0.114006	110.194	7.12827
0.111635	108.264	7.12916
0.112937	115.653	7.1292
0.114799	125.691	7.1391
0.112443	112.809	7.14109
0.111612	115.495	7.14861
0.114963	132.934	7.15502
0.111638	115.221	7.15724
0.114948	133.654	7.16676
0.111114	105.766	7.17014
0.109916	110.272	7.17604
0.113816	115.449	7.17839
0.113217	113.058	7.18246
0.110665	113.841	7.18532
0.110665	113.841	7.1865
0.111127	112.903	7.18816
0.110325	120.268	7.19132
0.110957	115.372	7.19193
0.115428	128.908	7.19253
0.114199	129.981	7.19397
0.114116	129.766	7.19578
0.108787	103.671	7.19588
0.112639	120.82	7.20796
0.110102	118.062	7.2103
0.113801	138.693	7.21175
0.112005	110.554	7.21286
0.114467	131.638	7.21436
0.114699	131.207	7.21458
0.112777	107.92	7.21584
0.111376	124.928	7.21588
0.112468	124.368	7.21848
0.115368	147.585	7.2234
0.111136	123.499	7.22702
0.110077	118.241	7.22798
0.113046	134.902	7.22835
0.110077	118.239	7.22916
0.111134	123.496	7.23013
0.115728	149.346	7.2302
0.113976	128.713	7.23305
0.110525	112.644	7.23497
0.109712	108.421	7.24233
0.118215	149.666	7.2431
0.111374	117.968	7.2459
0.114902	145.174	7.24816
0.11329	136.615	7.24929
0.114918	144.139	7.25275
0.109737	105.521	7.25367
0.110735	110.782	7.26013
0.113566	126.977	7.26315
0.108618	110.24	7.26455
0.110199	108.05	7.26472
0.111972	121.616	7.2648
0.11333	125.136	7.26774
0.102756	128.968	7.26777
0.111851	120.212	7.26786
0.113267	135.276	7.2685
0.110385	109.789	7.26859
0.112742	132.87	7.26956
0.110765	122.303	7.27132
0.109835	116.904	7.27511
0.112285	129.832	7.27728
0.113983	139.009	7.27927
0.111394	126.181	7.28402
0.109122	105.585	7.28812
0.110597	120.186	7.28871
0.112696	133.502	7.28926
0.113978	139.915	7.29049
0.111779	127.448	7.29121
0.109655	115.636	7.2931
0.115977	139.207	7.29698
0.111731	127.721	7.2985
0.107321	135.173	7.29909
0.112975	134.645	7.2997
0.114345	141.494	7.3005
0.10831	103.9	7.30228
0.110922	122.395	7.30284
0.114462	142.355	7.30303
0.115882	150.447	7.30924
0.112937	133.353	7.3123
0.108967	112.427	7.31354
0.109432	114.848	7.31577
0.109725	115.681	7.32083
0.110332	118.079	7.32264
0.110564	120.278	7.32325
0.111803	128.815	7.32509
0.111589	127.669	7.32629
0.110999	122.651	7.33026
0.112212	123.344	7.33032
0.109164	113.015	7.3323
0.110354	119.973	7.33237
0.110972	124.173	7.33706
0.108059	107.681	7.33796
0.10916	112.694	7.34136
0.112033	127.945	7.342
0.112849	133.771	7.34266
0.107907	105.851	7.34308
0.107218	112.236	7.34343
0.112196	129.116	7.34651
0.112199	129.227	7.34657
0.11306	135.549	7.3488
0.110949	123.078	7.34881
0.112514	132.229	7.35137
0.112844	133.749	7.3535
0.112406	130.173	7.35389
0.106308	107.752	7.35569
0.113994	140.081	7.35625
0.108374	108.348	7.35651
0.10944	113.879	7.35824
0.10944	113.881	7.35831
0.109512	115.249	7.36004
0.110078	117.696	7.36075
0.111089	124.14	7.36086
0.112474	131.593	7.36271
0.111513	125.751	7.36443
0.111592	141.446	7.36572
0.107105	112.377	7.37293
0.112456	144.098	7.37549
0.111668	138.796	7.37602
0.106771	110.343	7.37642
0.111514	125.264	7.37741
0.113771	137.724	7.38053
0.11492	145.044	7.3825
0.114734	144.225	7.38682
0.107509	103.108	7.38827
0.107634	114.83	7.39109
0.108544	112.562	7.39408
0.113402	137.305	7.39571
0.108194	118.28	7.39761
0.108194	118.28	7.40047
0.113506	150.689	7.40403
0.108866	122.252	7.4054
0.107556	114.03	7.40541
0.108035	117.314	7.40661
0.107179	105.269	7.40746
0.107923	116.884	7.41725
0.112051	142.024	7.41911
0.108176	118.172	7.42103
0.11034	119.522	7.42403
0.111435	138.401	7.42465
0.111901	140.581	7.42536
0.111456	138.497	7.42757
0.111857	127.692	7.42797
0.110435	133.347	7.42918
0.111166	137.32	7.42927
0.110435	133.348	7.42975
0.112056	129.482	7.43698
0.11330899999999999	149.374	7.43716
0.107573	104.779	7.43835
0.109427	118.391	7.44038
0.112503	131.078	7.44259
0.112788	145.159	7.44667
0.106861	113.333	7.44852
0.112573	143.191	7.45399
0.106613	108.233	7.45745
0.110785	135.635	7.45762
0.108667	109.446	7.46
0.111747	140.223	7.46052
0.113133	147.396	7.46154
0.109287	124.473	7.4656
0.106557	108.126	7.46687
0.106862	110.037	7.47133
0.109755	127.645	7.47224
0.108517	120.29	7.47517
0.106778	102.949	7.47745
0.107758	115.457	7.4789
0.110658	121.165	7.48287
0.107189	112.803	7.48321
0.105108	100.582	7.48531
0.107189	112.803	7.48827
0.105972	104.879	7.49033
0.105559	102.582	7.49459
0.106636	109.535	7.49512
0.111197	137.157	7.49679
0.109437	125.375	7.49943
0.108273	120.11	7.50134
0.10635	107.077	7.50249
0.109774	128.791	7.50479
0.108227	110.827	7.50761
0.107948	117.967	7.50843
0.108773	122.462	7.51288
0.1051	103.292	7.51357
0.10903	124.789	7.51391
0.109402	127.169	7.51601
0.105724	104.089	7.51649
0.106049	107.095	7.51903
0.111265	125.046	7.51948
0.109646	127.244	7.52202
0.110801	135.029	7.52407
0.106586	111.75	7.52428
0.109426	127.05	7.52433
0.1048	100.767	7.52436
0.107897	108.174	7.5249
0.109811	129.743	7.52516
0.108845	114.234	7.52588
0.11048	132.766	7.52681
0.109094	125.019	7.53269
0.107846	108.86	7.53438
0.106949	111.496	7.53545
0.107567	107.082	7.53718
0.110204	132.133	7.54122
0.106929	123.248	7.54332
0.108795	122.872	7.54359
0.110745	133.752	7.54584
0.104724	98.2741	7.54798
0.104605	106.659	7.54976
0.105787	105.045	7.55217
0.108315	120.302	7.5551
0.108068	118.434	7.55864
0.110987	149.239	7.5589
0.108962	136.306	7.56119
0.104069	95.8807	7.56369
0.104911	100.12	7.56526
0.108687	122.468	7.56568
0.108202	119.397	7.56735
0.109133	116.109	7.57003
0.105275	102.448	7.57259
0.111012	150.012	7.57351
0.107283	126.318	7.5757
0.109844	130.079	7.57576
0.109807	140.606	7.57979
0.107509	129.276	7.58204
0.104286	98.2774	7.58235
0.106443	100.005	7.58313
0.109137	137.623	7.58606
0.109539	140.581	7.58766
0.110178	144.749	7.59366
0.110786	147.907	7.59481
0.109947	142.917	7.59876
0.110563	134.262	7.60027
0.107431	113.702	7.60468
0.108673	121.597	7.60569
0.104154	95.4471	7.60608
0.10534	111.965	7.6122
0.108458	132.689	7.61527
0.107742	116.31	7.61584
0.109052	124.684	7.61657
0.110205	132.107	7.61785
0.107361	101.076	7.621
0.104814	107.665	7.62101
0.109401	117.729	7.6241
0.108617	136.442	7.62513
0.105438	114.003	7.62777
0.108355	134.514	7.62965
0.104924	101.92	7.63049
0.107385	126.409	7.63632
0.105966	98.5967	7.64267
0.108556	132.183	7.64365
0.109308	138.883	7.64505
0.105298	111.216	7.64509
0.105064	111.871	7.6466
0.107002	112.36	7.6474
0.107979	132.41	7.65198
0.107277	114.811	7.65201
0.107929	132.049	7.65201
0.110063	144.339	7.65289
0.109796	129.247	7.65335
0.110085	130.849	7.65413
0.108823	137.128	7.65511
0.107659	128.187	7.6576
0.103661	101.358	7.65763
0.105479	105.045	7.65825
0.106229	121.922	7.66097
0.107094	124.67	7.66107
0.10642	109.918	7.66291
0.104083	107.04	7.66405
0.103389	99.5926	7.6658
0.108269	119.632	7.669
0.106034	118.755	7.66992
0.106059	108.222	7.67341
0.107831	131.434	7.68181
0.106176	117.603	7.685
0.103836	105.023	7.68753
0.105557	117.001	7.68948
0.108227	133.517	7.68951
0.111132	136.732	7.69004
0.107581	127.776	7.69023
0.107432	114.908	7.69038
0.104246	104.754	7.69288
0.107509	129.129	7.69348
0.109034	138.037	7.69364
0.109036	138.007	7.69481
0.106361	120.035	7.69628
0.106535	109.788	7.69671
0.10395	102.922	7.69725
0.106647	124.021	7.69786
0.10394	102.778	7.69799
0.104246	107.012	7.69874
0.106689	122.411	7.70022
0.10858	121.732	7.7003
0.10669	122.414	7.70097
0.110337	133.009	7.70221
0.108825	123.158	7.70278
0.108823	123.148	7.70326
0.106054	117.22	7.70332
0.109989	143.112	7.70392
0.107094	125.887	7.70424
0.102378	96.2865	7.70561
0.10302	97.4546	7.71251
0.110008	129.985	7.71346
0.106204	119.188	7.71347
0.108294	134.397	7.71378
0.108056	131.929	7.71391
0.1073	127.764	7.72039
0.107301	127.767	7.72076
0.102577	95.5216	7.72079
0.106589	120.937	7.72205
0.107664	129.257	7.7267
0.101684	92.6914	7.72799
0.105778	116.295	7.73029
0.109422	127.209	7.7346
0.107064	126.564	7.73678
0.105819	106.968	7.74009
0.10488	108.281	7.74222
0.105035	109.631	7.74267
0.105897	119.226	7.74302
0.106542	121.132	7.75019
0.106891	124.985	7.75247
0.106872	124.333	7.75502
0.106417	121.688	7.75854
0.10221	92.987	7.76234
0.105218	112.377	7.7657
0.105218	112.374	7.76573
0.109913	141.563	7.76695
0.103291	93.2173	7.76743
0.107665	130.965	7.77291
0.109599	128.332	7.77316
0.105673	116.327	7.77484
0.102881	90.9806	7.77487
0.107471	141.191	7.77585
0.109505	127.944	7.77626
0.104942	111.952	7.77706
0.1073	127.171	7.77792
0.106198	131.397	7.77864
0.107912	143.276	7.78157
0.106534	121.39	7.78589
0.105057	111.087	7.78747
0.105201	112.537	7.79207
0.104511	120.464	7.79238
0.104183	106.17	7.79612
0.105262	114.08	7.79897
0.105526	114.447	7.80452
0.103006	99.5229	7.81128
0.104667	109.147	7.81802
0.109205	125.266	7.81958
0.10678	120.056	7.82033
0.106388	119.485	7.82566
0.104077	116.47	7.8278
0.103968	105.93	7.82787
0.107984	145.139	7.82995
0.103059	111.189	7.83199
0.104461	109.615	7.83231
0.107822	144.674	7.83285
0.106084	117.211	7.84253
0.106625	135.197	7.84339
0.106346	133.61	7.84712
0.105093	114.386	7.84793
0.108356	148.375	7.84821
0.107618	142.824	7.84918
0.102912	99.6327	7.84931
0.104726	122.459	7.85014
0.106918	124.13	7.85081
0.104082	120.326	7.85103
0.105448	113.97	7.85383
0.103615	119.046	7.85395
0.105792	115.96	7.85431
0.10458	109.018	7.85524
0.101653	90.5248	7.85584
0.102581	110.981	7.85634
0.107652	142.645	7.8564
0.105123	126.819	7.85641
0.104941	110.518	7.85656
0.104339	117.997	7.85752
0.104388	107.248	7.85824
0.104388	107.248	7.85827
0.105448	127.119	7.86179
0.105438	126.272	7.86284
0.103787	115.68	7.86929
0.106116	117.915	7.87051
0.103417	102.271	7.87121
0.105269	124.76	7.87358
0.10343	101.914	7.87637
0.105323	128.384	7.87713
0.106112	131.065	7.88248
0.105228	128.357	7.88633
0.105922	130.003	7.8873
0.103782	104.415	7.88843
0.103463	102.953	7.88949
0.103778	104.034	7.89144
0.10817	130.648	7.89166
0.104302	106.755	7.89865
0.104407	123.265	7.90011
0.102588	97.2634	7.90043
0.103802	104.434	7.90106
0.104657	120.679	7.91053
0.101791	101.538	7.91208
0.102059	103.714	7.91288
0.104802	125.993	7.91817
0.104745	125.778	7.91876
0.103269	101.447	7.92015
0.10394	115.54	7.92086
0.105766	132.218	7.92168
0.105764	131.612	7.92465
0.10219	106.659	7.92893
0.104628	124.121	7.92935
0.100722	87.6367	7.93004
0.101187	96.2232	7.9313
0.106469	136.436	7.93357
0.10674	138.096	7.93656
0.101473	90.9592	7.93681
0.101751	101.372	7.93721
0.106743	138.113	7.93944
0.102152	93.7924	7.94188
0.10257	106.714	7.94336
0.10257	106.714	7.94369
0.103001	113.638	7.94394
0.106745	136.395	7.94471
0.105847	116.167	7.94569
0.104806	124.67	7.94572
0.104529	122.95	7.94613
0.104959	126.301	7.94921
0.10255	97.5879	7.9529
0.100886	94.3256	7.95386
0.104942	126.842	7.95772
0.102951	108.847	7.96199
0.105964	133.807	7.9635
0.104308	121.286	7.96632
0.104308	121.286	7.96642
0.103042	99.8446	7.96645
0.107011	137.823	7.96832
0.101713	100.876	7.96849
0.104005	115.093	7.9687
0.101987	100.641	7.9687
0.102552	97.8559	7.96884
0.102417	105.568	7.96958
0.101638	98.985	7.96989
0.100521	92.2756	7.97089
0.103474	112.167	7.97162
0.104011	116.903	7.97259
0.100732	95.4479	7.97515
0.101147	98.8056	7.9757
0.103918	116.577	7.97896
0.102912	110.452	7.98008
0.104238	118.621	7.98122
0.103882	116.502	7.98144
0.101541	101.134	7.98144
0.101578	101.762	7.98309
0.102875	106.386	7.98411
0.102603	109.066	7.98564
0.102224	95.1656	7.98774
0.102375	106.493	7.98895
0.102137	108.337	7.98906
0.102687	108.236	7.99105
0.104023	120.574	7.9948
0.10199	104.313	7.99572
0.103018	111.829	7.99592
0.102981	121.122	7.9967
0.10856	149.13	7.99773
0.103734	118.144	7.99845
0.104757	136.503	7.9998
0.104141	121.552	8.00414
0.101788	104.33	8.01124
0.103462	112.71	8.01347
0.102245	102.329	8.01479
0.105266	129.021	8.01574
0.106213	134.311	8.01601
0.106917	138.476	8.01723
0.101461	100.36	8.0204
0.102483	103.946	8.02223
0.103127	111.393	8.0229
0.103125	111.394	8.02329
0.10369	113.353	8.02339
0.10482	121.986	8.02541
0.103398	113.246	8.03035
0.104868	125.374	8.03231
0.0996797	87.7755	8.03238
0.100846	88.2617	8.03559
0.102566	106.489	8.03822
0.107196	139.847	8.03827
0.101361	128.328	8.04186
0.101288	101.869	8.04317
0.100876	97.7793	8.04578
0.104063	132.782	8.04659
0.103425	116.186	8.04788
0.100556	93.9844	8.04821
0.103753	118.353	8.04825
0.102769	105.799	8.04826
0.101679	100.786	8.04964
0.100243	105.21	8.05005
0.100078	91.4139	8.05064
0.104509	123.927	8.05297
0.101372	97.2247	8.05415
0.101382	97.2651	8.05467
0.103069	109.709	8.05908
0.100169	92.2338	8.05916
0.101159	99.3212	8.06498
0.103941	131.465	8.06631
0.105551	130.756	8.06725
0.103262	115.91	8.06738
0.10092	97.2117	8.0684
0.10003	92.2878	8.07791
0.103798	130.165	8.07805
0.105651	131.514	8.0786
0.100915	109.467	8.07891
0.100029	92.2941	8.07933
0.0995479	91.2174	8.08112
0.0995479	91.2174	8.08153
0.100919	96.4666	8.08355
0.0993203	85.8218	8.08389
0.1032	110.172	8.08419
0.100609	94.8589	8.08788
0.099637	97.3687	8.08855
0.106554	136.676	8.08917
0.103341	125.833	8.09015
0.099354	94.9009	8.09083
0.102833	108.501	8.09302
0.099343	95.8927	8.0931
0.0992062	88.3683	8.09607
0.099883	103.529	8.09797
0.102095	103.292	8.09876
0.102647	121.738	8.10025
0.101014	110.243	8.10049
0.101014	110.243	8.1012
0.101047	97.4118	8.1048
0.105148	142.06	8.10687
0.100705	109.802	8.10738
0.104826	139.877	8.10911
0.10171	101.566	8.11254
0.100069	101.17	8.11301
0.100213	94.5205	8.11444
0.0999805	100.845	8.11509
0.102588	119.789	8.11769
0.105807	148.139	8.12028
0.105792	147.703	8.12065
0.101859	116.05	8.12348
0.100374	96.1389	8.12526
0.0988498	86.3614	8.1259
0.104975	142.975	8.13078
0.103749	133.275	8.13279
0.0989901	85.652	8.13416
0.100361	102.585	8.13522
0.100659	110.665	8.13788
0.10506	141.572	8.13852
0.102381	104.943	8.1386
0.100654	94.4823	8.1413
0.099446	90.1485	8.14283
0.100132	102.747	8.14323
0.0997761	99.706	8.14372
0.100611	107.391	8.14664
0.102927	125.015	8.14832
0.0994578	101.008	8.15104
0.10332	124.696	8.15125
0.100606	104.517	8.15421
0.103311	129.853	8.15625
0.101559	114.109	8.15685
0.102643	125.344	8.15759
0.102659	125.42	8.15869
0.100121	100.389	8.1609
0.0998414	89.91	8.16615
0.104388	134.342	8.16697
0.101291	114.869	8.16723
0.101224	98.2698	8.17101
0.101657	112.483	8.17213
0.0993534	87.4509	8.17347
0.102823	127.386	8.17463
0.10216	120.604	8.17475
0.0984421	91.0576	8.17695
0.0996995	96.5914	8.18051
0.0990106	94.6549	8.18125
0.0991134	95.97	8.18305
0.104244	135.641	8.1848
0.10244	124.269	8.18485
0.100572	103.993	8.18666
0.101683	117.268	8.18821
0.0980864	88.694	8.18904
0.104646	135.871	8.19058
0.101218	112.13	8.19113
0.0988317	92.8948	8.19554
0.101517	115.285	8.19662
0.102087	117.671	8.19671
0.101517	115.285	8.19751
0.0984336	84.4388	8.19858
0.102371	121.782	8.2001
0.0995096	97.9945	8.2034
0.103032	127.938	8.20393
0.105447	144.96	8.20408
0.100594	104.303	8.20532
0.102468	125.168	8.20623
0.100377	108.121	8.2067
0.103174	129.907	8.20707
0.101869	118.313	8.20736
0.104599	137.33	8.20738
0.104128	136.856	8.21103
0.099974	97.9111	8.21284
0.0988724	93.8646	8.213
0.097764	86.8913	8.2138
0.104151	136.974	8.21652
0.101897	119.474	8.21759
0.0996849	89.4273	8.21775
0.0990675	98.4327	8.21785
0.0998428	92.7951	8.21981
0.0985826	91.9173	8.22679
0.100124	108.036	8.22709
0.0995702	103.127	8.22732
0.101885	120.241	8.22743
0.099876	99.0633	8.22834
0.0999877	105.666	8.22901
0.0976399	85.0028	8.22966
0.101712	117.378	8.23938
0.0996311	98.2384	8.23953
0.103709	128.38	8.24026
0.101405	110.228	8.24053
0.101305	108.679	8.24441
0.103179	124.566	8.24642
0.101254	114.153	8.24775
0.0994832	95.0949	8.24857
0.099138	94.1701	8.24879
0.0992313	98.1189	8.24902
0.0975099	79.4373	8.25202
0.100979	112.77	8.25229
0.0980908	82.2518	8.25391
0.101042	111.925	8.25543
0.0985249	83.1692	8.25758
0.0980478	80.9434	8.2585
0.102165	122.282	8.26023
0.100746	121.703	8.26032
0.104625	139.385	8.26129
0.0979397	87.7629	8.26229
0.0969223	88.3597	8.26328
0.0995362	97.017	8.26382
0.102883	128.514	8.26636
0.0988699	90.7204	8.26783
0.0980275	89.2974	8.26813
0.0990399	96.4145	8.2696
0.102185	123.276	8.26986
0.0969751	90.2098	8.27201
0.0973143	91.9813	8.27423
0.100309	102.543	8.27937
0.100819	105.732	8.28078
0.10139	118.066	8.2852
0.100799	113.109	8.28765
0.0973285	92.9755	8.28977
0.100396	120.115	8.2927
0.100459	104.751	8.29418
0.0998477	99.2019	8.29467
0.100402	117.972	8.29732
0.100902	107.41	8.29859
0.099097	93.1495	8.30468
0.0964816	87.4448	8.30507
0.0997117	100.531	8.30718
0.0968539	89.9305	8.30976
0.103483	130.885	8.31053
0.10181	113.884	8.31151
0.099436	95.9433	8.31641
0.098657	94.0151	8.31725
0.10177	120.535	8.31768
0.0982534	98.7481	8.31886
0.100262	100.324	8.31897
0.102219	116.65	8.32214
0.102178	123.493	8.32356
0.0968038	89.1108	8.32416
0.0979785	96.9923	8.32462
0.0983401	89.6326	8.32476
0.103898	135.216	8.32504
0.0961669	85.7092	8.33014
0.0971084	92.6142	8.33018
0.10082	123.136	8.33377
0.10153	129.579	8.33463
0.097944	96.484	8.33607
0.103262	127.107	8.33692
0.0958693	83.6489	8.33734
0.100456	118.813	8.3386
0.0984816	98.9708	8.34276
0.101169	109.183	8.34382
0.0978806	98.5289	8.34504
0.0997501	118.165	8.34741
0.0998508	117.589	8.34922
0.0984602	108.838	8.35328
0.103734	133.12	8.35395
0.100626	123.464	8.35396
0.100083	99.1745	8.3552
0.101073	107.034	8.35525
0.098963	103.962	8.36376
0.0997941	112.853	8.36394
0.100238	87.2596	8.36937
0.0964497	88.9418	8.37157
0.0964497	88.9418	8.37213
0.0975182	93.5667	8.37214
0.0984591	88.7495	8.37319
0.0974742	96.8004	8.37542
0.102584	126.041	8.3782
0.102193	135.378	8.37866
0.0960034	86.2592	8.37889
0.103339	145.934	8.38164
0.0986322	105.492	8.38169
0.0972777	84.3772	8.38183
0.0979707	86.6801	8.38331
0.0965179	88.3444	8.38396
0.0995272	117.365	8.38419
0.0974452	94.1728	8.38652
0.100956	127.068	8.38661
0.0988781	107.339	8.38714
0.0982112	101.158	8.38741
0.100052	121.308	8.38804
0.0987735	102.709	8.38953
0.0993613	116.307	8.38987
0.0972075	93.7162	8.39167
0.0977633	97.2877	8.39257
0.0993259	113.982	8.39688
0.104618	122.37	8.39737
0.0980626	101.291	8.3992
0.0993259	113.982	8.40097
0.0957673	84.6782	8.40186
0.101456	134.62	8.4035
0.0984403	99.9975	8.40382
0.0987196	104.639	8.40461
0.0987961	101.962	8.40621
0.0976525	95.1684	8.40622
0.0976516	95.1609	8.40647
0.101318	132.049	8.40733
0.0985337	103.08	8.40797
0.097888	85.2312	8.41036
0.0991782	111.156	8.41099
0.0977374	101.872	8.41256
0.100821	123.481	8.41265
0.0976493	96.577	8.41318
0.0999834	116.329	8.41397
0.0981077	107.549	8.41418
0.0993684	109.758	8.41439
0.101138	115.528	8.41512
0.0954757	81.5883	8.41534
0.101953	134.223	8.4184
0.0969234	80.5122	8.42141
0.100496	124.114	8.42228
0.0973454	99.4621	8.42505
0.0989166	105.879	8.42563
0.102964	144.799	8.42571
0.0981529	102.873	8.42665
0.098422	90.5812	8.42692
0.097648	99.4781	8.42799
0.0967231	81.176	8.4289
0.098422	90.5811	8.42933
0.100602	125.188	8.43174
0.100602	125.188	8.43241
0.0981162	97.7933	8.43335
0.0972984	83.6959	8.43351
0.0976772	94.8917	8.43629
0.0990315	113.816	8.43845
0.0968749	90.6716	8.43997
0.0995866	115.347	8.4414
0.0997733	119.478	8.44186
0.101441	117.736	8.44195
0.10005	113.736	8.44252
0.0987415	111.542	8.44342
0.102113	137.878	8.44567
0.103311	146.633	8.4469
0.102552	140.487	8.44903
0.0968484	92.7856	8.45019
0.0992708	108.046	8.45096
0.0975123	110.014	8.45226
0.0994113	111.032	8.45249
0.103394	130.893	8.45459
0.0950293	87.8	8.45472
0.101912	135.922	8.4551
0.103394	130.893	8.45785
0.0972887	106.368	8.45809
0.0971963	94.8071	8.45972
0.096262	87.9538	8.46237
0.0975417	95.4307	8.46299
0.100457	105.639	8.46337
0.0979715	99.6157	8.46351
0.0964863	90.6693	8.46366
0.100457	105.639	8.46407
0.097921	104.666	8.46699
0.0979681	99.6002	8.46812
0.096618	92.9322	8.46818
0.0969528	97.1897	8.47097
0.095131	88.5505	8.47431
0.0998102	118.801	8.47764
0.0998102	118.801	8.47883
0.097362	97.5227	8.48183
0.0967188	79.8573	8.4831
0.0950679	88.5969	8.48407
0.0944109	85.5057	8.48632
0.0969596	107.713	8.4876
0.100141	121.558	8.4902
0.0988384	91.4035	8.49178
0.0988319	91.3764	8.49254
0.0993307	112.339	8.49346
0.10117	125.765	8.4955
0.0988492	109.155	8.49613
0.0988348	109.136	8.49675
0.099081	112.814	8.49773
0.101662	135.689	8.49952
0.100936	109.665	8.50005
0.101668	135.741	8.50036
0.098507	107.676	8.50112
0.0982288	108.976	8.50117
0.0975045	102.041	8.50404
0.0982038	105.319	8.50569
0.102205	138.198	8.50784
0.0946947	88.0002	8.51
0.0959353	97.2347	8.51054
0.094651	86.1813	8.51143
0.094688	87.8696	8.51194
0.101657	134.065	8.51485
0.0980196	103.647	8.51506
0.0973283	106.765	8.51781
0.0971727	82.3783	8.52112
0.0982135	106.606	8.52167
0.101061	128.19	8.52371
0.095158	79.6182	8.524
0.102693	140.645	8.52602
0.0965881	101.783	8.52926
0.0988069	110.573	8.53219
0.0953986	82.575	8.53299
0.10488	141.134	8.53653
0.0960897	88.2848	8.53669
0.0962106	86.6006	8.53682
0.101344	129.938	8.53926
0.0979753	115.25	8.54115
0.0977275	113.292	8.54304
0.0994402	113.716	8.54681
0.0950696	80.8252	8.54781
0.0970021	94.9698	8.54956
0.100895	128.734	8.55059
0.0992204	115.101	8.55575
0.0987982	112.508	8.55656
0.0966355	104.776	8.5584
0.0984778	104.313	8.56055
0.0984065	104.02	8.56183
0.0938233	81.6999	8.56363
0.0941149	82.4715	8.56975
0.0967151	102.852	8.57677
0.0945001	86.6627	8.57904
0.0962723	95.9327	8.57931
0.0978554	112.195	8.58541
0.0996311	120.019	8.58697
0.0971307	109.781	8.58736
0.101319	132.499	8.58917
0.0955981	99.0531	8.58971
0.0959725	100.144	8.59089
0.0943239	84.0175	8.59102
0.0962084	98.575	8.59305
0.096828	106.161	8.59439
0.100235	124.083	8.59523
0.0957888	84.1914	8.59693
0.0960009	95.663	8.60382
0.0957702	94.2711	8.60429
0.10074	127.132	8.60683
0.0985216	121.505	8.60995
0.0953056	93.6645	8.61076
0.0959978	97.9867	8.61473
0.0961935	101.672	8.61722
0.0978102	116.302	8.61729
0.0962891	98.2107	8.61733
0.0954917	92.4237	8.61805
0.100027	122.014	8.61809
0.0953088	95.8395	8.61825
0.121986	35.3947	8.61869
0.102529	141.997	8.61973
0.0946784	89.5823	8.62514
0.101	130.515	8.62537
0.0950319	89.0167	8.63408
0.0938883	82.9249	8.63706
0.101109	130.174	8.64024
0.0933466	87.5199	8.64115
0.0962715	99.6413	8.64163
0.0933466	87.5198	8.64276
0.101109	130.175	8.64351
0.0988181	125.18	8.64607
0.0956468	95.4042	8.64867
0.0949712	93.7514	8.6495
0.0993163	117.609	8.65309
0.0948043	80.5067	8.6538
0.0972566	111.106	8.65401
0.100532	127.474	8.65826
0.100142	125.265	8.66761
0.0956574	93.7434	8.66796
0.0965103	99.2559	8.66832
0.0936911	80.3756	8.67109
0.0963544	104.369	8.67172
0.0956725	98.0951	8.67371
0.0966708	107.55	8.67503
0.0966708	107.55	8.67595
0.0954348	90.2341	8.68059
0.0951971	90.8527	8.68168
0.0945907	87.0033	8.68522
0.0955021	90.7526	8.68525
0.0968038	101.742	8.68693
0.0982973	119.812	8.69061
0.098824	122.439	8.69519
0.0948296	89.0869	8.69676
0.0943314	87.453	8.69697
0.0950028	91.8105	8.70021
0.0959705	96.477	8.7045
0.0928461	83.6444	8.70467
0.0951548	90.9528	8.7053
0.0957788	94.9051	8.70546
0.0952476	96.9357	8.70664
0.0931734	87.1013	8.70947
0.101571	131.859	8.71096
0.0931735	87.1013	8.71098
0.100236	138.705	8.71157
0.0997443	134.959	8.71262
0.0980075	116.568	8.72029
0.0998892	122.904	8.72095
0.0957508	93.2564	8.72147
0.0941178	92.1287	8.72151
0.0932662	79.3612	8.72217
0.0973312	118.632	8.73037
0.099377	132.565	8.73281
0.094017	90.9634	8.73346
0.09699	104.461	8.73756
0.0980393	121.015	8.73821
0.0980269	118.184	8.73886
0.0990286	130.849	8.73905
0.0929761	85.2041	8.73918
0.0987007	128.602	8.73971
0.0986432	128.453	8.74268
0.0967863	101.167	8.74624
0.0932759	78.1971	8.74905
0.0937671	82.711	8.74916
0.0937825	92.0059	8.75014
0.0937825	92.0061	8.75064
0.0960492	102.739	8.75159
0.095668	93.5863	8.75276
0.0977131	121.437	8.7533
0.095668	93.5862	8.75444
0.0969837	107.779	8.75794
0.0963503	102.763	8.76318
0.0963503	102.763	8.76373
0.0945163	91.4635	8.76948
0.0961192	118.007	8.77239
0.0944449	96.7473	8.77549
0.0978335	118.737	8.77686
0.0957198	100.85	8.77744
0.0991133	127.739	8.77752
0.0970408	114.077	8.78134
0.0928426	76.9244	8.78429
0.098293	124.45	8.78493
0.0991363	126.513	8.7852
0.0942046	95.1144	8.78663
0.0991091	129.002	8.78963
0.0983489	121.802	8.78982
0.0954791	115.361	8.79125
0.0994627	132.277	8.79293
0.0968568	111.449	8.7934
0.0922757	80.1226	8.79485
0.0969848	129.346	8.79612
0.0940493	92.9233	8.7976
0.0974555	114.483	8.79901
0.0973831	116.482	8.80108
0.099312	130.783	8.80274
0.0969089	112.395	8.80298
0.0928599	87.5174	8.80328
0.0987763	127.483	8.80854
0.0938547	89.8414	8.80967
0.0951701	104.247	8.80999
0.0967502	111.925	8.8105
0.0951833	111.178	8.81225
0.096938	116.513	8.81832
0.0976074	117.266	8.81981
0.0924284	82.8442	8.82174
0.0942234	85.0233	8.82265
0.0975811	118.344	8.82297
0.0951745	107.493	8.82608
0.0983366	118.69	8.8269
0.0936703	91.1931	8.82797
0.0955037	109.484	8.82963
0.096439	96.6668	8.83045
0.0945889	100.874	8.83098
0.0931172	86.4279	8.83287
0.0984104	123.113	8.83343
0.0942845	97.8446	8.8338
0.0998369	136.016	8.83638
0.0980792	119.687	8.83771
0.0985513	125.429	8.8399
0.0972069	112.906	8.84181
0.0976529	110.888	8.8433
0.0966698	110.565	8.84455
0.0972556	113.137	8.8453
0.0952479	100.755	8.84683
0.0929923	89.9259	8.84692
0.0925325	85.216	8.84741
0.0931546	89.147	8.85136
0.0938041	93.0385	8.85324
0.095891	95.6529	8.8543
0.0960574	105.176	8.85792
0.0959441	105.693	8.86054
0.0984689	127.485	8.86191
0.0922831	81.353	8.86335
0.0982704	123.328	8.86505
0.0982672	123.311	8.86804
0.0957945	113.068	8.87196
0.0946906	98.412	8.87251
0.0938231	92.4046	8.87606
0.0957454	103.341	8.87974
0.0954548	116.417	8.8812
0.0954548	116.417	8.88153
0.0954037	113.012	8.88187
0.0934009	90.3803	8.88467
0.0945147	95.0215	8.88556
0.0972502	114.926	8.88862
0.0962831	108.248	8.88974
0.0927917	85.6148	8.89529
0.0982235	122.147	8.89742
0.0997192	133.535	8.89763
0.103067	110.694	8.89984
0.091816	78.9777	8.89992
0.0951262	106.426	8.90088
0.100265	139.398	8.90105
0.0922348	83.312	8.90293
0.0959426	114.773	8.90602
0.096882	126.365	8.90641
0.0950345	102.883	8.90676
0.0927071	84.2963	8.90946
0.093932	95.9248	8.91499
0.0939561	96.0299	8.91499
0.0955527	91.6468	8.91874
0.0955077	111.463	8.92701
0.0948444	99.5302	8.93655
0.0915725	77.1775	8.93818
0.0964602	107.105	8.95139
0.0966593	109.7	8.95211
0.0934113	88.6139	8.95237
0.0939959	95.7652	8.95293
0.094482	94.943	8.95391
0.09193	80.2976	8.95493
0.0932786	89.204	8.95749
0.0932911	92.098	8.96243
0.0955159	118.451	8.96496
0.0973399	131.116	8.96686
0.0960603	113.775	8.9712
0.0925402	87.7985	8.97439
0.0935798	93.9443	8.97862
0.0940637	93.7889	8.98058
0.0933059	102.912	8.98576
0.095739	115.339	8.98744
0.0941758	94.0033	8.98887
0.0949231	114.568	8.99054
0.0919164	81.405	8.99175
0.0955084	109.739	8.99183
0.0965602	123.275	8.992
0.0907306	80.5489	8.99392
0.0983607	122.143	8.99399
0.0958893	115.729	8.99475
0.0921683	85.5966	9.00222
0.0960281	120.642	9.00537
0.094156	103.157	9.01332
0.0950996	109.287	9.01572
0.0962009	121.867	9.02901
0.0966788	122.636	9.03039
0.0979832	116.337	9.03422
0.0962071	118.64	9.03535
0.0944841	102.806	9.04473
0.0948597	104.702	9.04785
0.0931007	102.257	9.04836
0.0966893	127.38	9.04873
0.0935887	104.247	9.04939
0.0952595	104.88	9.05666
0.0922007	92.1664	9.0571
0.0946207	112.368	9.05856
0.0930415	95.2546	9.06184
0.0932129	105.056	9.06605
0.0945219	105.244	9.0663
0.0937384	99.3058	9.06759
0.0927911	102.911	9.06954
0.0940553	101.269	9.06963
0.0963089	124.865	9.0716
0.0911046	76.0556	9.07255
0.0919026	87.0685	9.07306
0.0925433	93.3385	9.07577
0.0936532	96.4233	9.07629
0.0950815	116.579	9.08001
0.094146	109.427	9.08569
0.0929232	98.3798	9.08998
0.0902046	78.2535	9.10277
0.092631	94.0104	9.10766
0.0934597	97.5726	9.10829
0.0939336	98.6602	9.10944
0.0922532	92.9006	9.11067
0.0943202	101.397	9.11274
0.092749	96.4114	9.11277
0.0932805	94.5452	9.11576
0.0901431	79.2473	9.11621
0.0960456	122.203	9.11626
0.0960457	122.203	9.11733
0.0942249	104.032	9.11859
0.0960936	120.278	9.11901
0.0942465	101.231	9.12442
0.0971707	130.421	9.12723
0.0912029	83.812	9.12769
0.0945219	105.984	9.13094
0.0907695	81.934	9.13326
0.0959315	116.716	9.13346
0.0932635	106.546	9.13624
0.0898138	77.1799	9.13777
0.0963676	120.038	9.13814
0.0945332	106.039	9.14002
0.0935423	107.812	9.14519
0.0912272	87.902	9.15101
0.0919958	89.9841	9.15117
0.0931241	110.004	9.15248
0.0931241	110.004	9.15438
0.0962614	124.146	9.15583
0.0918787	91.7297	9.16606
0.0929401	92.438	9.16756
0.0922592	94.8335	9.17037
0.0927418	99.9365	9.17047
0.0914951	88.4634	9.17195
0.0941398	104.463	9.17326
0.0920136	93.2497	9.17668
0.0913348	84.4237	9.17684
0.0903768	80.5201	9.17872
0.0920153	90.8778	9.17912
0.0934767	99.8323	9.1827
0.0938728	104.712	9.1852
0.0916618	87.1061	9.18705
0.0944719	106.383	9.19012
0.093336	113.537	9.19211
0.0920778	98.6065	9.19225
0.0938285	102.317	9.19396
0.0906579	83.9379	9.19716
0.0936351	116.546	9.19766
0.0950685	113.179	9.19978
0.0932979	113.862	9.20069
0.0941303	99.9589	9.20093
0.0949255	110.14	9.2061
0.0928307	97.6724	9.20725
0.0933057	106.838	9.21417
0.093693	111.731	9.21801
0.0933824	109.089	9.22428
0.0922465	98.8892	9.22458
0.0922256	99.536	9.23313
0.0915694	89.668	9.23382
0.0936552	114.225	9.23392
0.0915693	89.6678	9.23499
0.0935182	113.185	9.24102
0.0926238	90.566	9.24191
0.0914913	88.8672	9.24436
0.0949408	107.441	9.24886
0.0948246	111.494	9.2547
0.0914084	85.9717	9.25523
0.0914071	85.9655	9.25542
0.0938117	112.85	9.25556
0.0926662	104.268	9.25841
0.0905637	82.0706	9.25853
0.0926638	104.256	9.25907
0.094965	109.918	9.26337
0.0923348	100.683	9.26466
0.090917	96.4705	9.2649
0.0946977	107.788	9.26532
0.0911177	85.6323	9.27074
0.0942158	117.894	9.27201
0.0912729	101.257	9.27707
0.0930238	106.659	9.27808
0.0913606	93.809	9.28043
0.0920936	105.576	9.28445
0.0922707	101.631	9.28518
0.0932101	108.233	9.28581
0.0907525	87.4733	9.29111
0.0919827	100.327	9.29174
0.0928505	108.514	9.3027
0.0922503	104.291	9.30334
0.0912689	90.0512	9.30419
0.0899073	86.1128	9.30617
0.0938056	117.908	9.30741
0.091458	91.7525	9.30823
0.0928246	109.942	9.30949
0.0942074	118.605	9.30977
0.0932498	111.602	9.3163
0.0900538	80.2538	9.31787
0.0903819	82.1603	9.3234
0.0915695	105.793	9.32746
0.090748	92.066	9.32919
0.0918867	102.098	9.33056
0.0904754	96.3313	9.33614
0.0913672	85.0847	9.33874
0.0899804	76.4139	9.33936
0.0937887	115.643	9.33936
0.0923284	97.9299	9.34047
0.0924395	103.264	9.3421
0.0922492	91.545	9.34257
0.0918162	94.5842	9.34553
0.091804	94.5333	9.34796
0.0919166	96.7285	9.34887
0.0903205	84.6386	9.35074
0.0913527	95.6628	9.35216
0.0897263	83.9567	9.35249
0.0910287	105.198	9.35255
0.0893216	74.8711	9.3592
0.0910543	86.0614	9.35996
0.0911891	85.2377	9.36217
0.0924396	103.818	9.36317
0.0905549	90.2144	9.36894
0.0910847	84.9577	9.37426
0.0931404	113.533	9.37773
0.0902246	89.4321	9.37909
0.0945915	123.187	9.38092
0.0919404	99.8555	9.38266
0.0900906	88.6703	9.38492
0.0946296	124.04	9.38738
0.0916435	97.8211	9.3923
0.0935259	110.903	9.39434
0.0911075	103.759	9.39942
0.0928038	111.915	9.40009
0.0907115	97.4765	9.40092
0.0906141	86.4564	9.40093
0.0909686	90.9822	9.40723
0.0913202	98.5513	9.40964
0.0897876	86.6228	9.41909
0.0915437	110.006	9.42574
0.0942061	121.46	9.42984
0.0906724	100.031	9.43428
0.0909175	99.114	9.43594
0.0907746	95.5494	9.43895
0.0939603	119.5	9.44092
0.0922453	107.77	9.44461
0.0909971	106.597	9.44582
0.090929	108.03	9.45678
0.0910168	102.54	9.458
0.0909191	107.987	9.45865
0.0905387	98.4264	9.46368
0.0916382	95.0656	9.46436
0.089276	85.7536	9.46666
0.0918211	103.893	9.46861
0.0917044	93.5086	9.46954
0.0891958	83.0698	9.4728
0.0891772	83.1617	9.47624
0.0903115	93.0967	9.47872
0.0904695	98.26	9.48041
0.0920409	96.0948	9.48105
0.0883189	78.7401	9.48159
0.0887522	82.4981	9.48648
0.0909172	88.376	9.49353
0.0896612	87.7946	9.49994
0.0900714	90.8048	9.50227
0.0896371	88.4479	9.51022
0.0893638	85.4811	9.51098
0.0893854	83.9008	9.51632
0.0889742	93.9138	9.51777
0.0893854	83.9009	9.51801
0.0890667	80.6197	9.51908
0.0906546	91.2731	9.52001
0.0912267	109.259	9.53124
0.0902641	90.0016	9.53503
0.0890431	81.6482	9.5366
0.0905234	93.143	9.53768
0.0885783	78.4611	9.54327
0.0885892	83.4463	9.54396
0.0882709	76.4635	9.54764
0.090686	100.776	9.55059
0.0883481	86.6857	9.55088
0.090049	93.323	9.5532
0.0909983	93.3948	9.55396
0.0916569	110.596	9.55611
0.0895271	83.2897	9.55646
0.0898174	94.7464	9.55851
0.0891766	97.6915	9.55894
0.0899815	93.1364	9.56125
0.091044	99.8456	9.56505
0.0912234	107.075	9.56743
0.0900675	91.298	9.569
0.0881079	78.7636	9.57092
0.0895539	90.5001	9.57246
0.0898701	87.7865	9.57638
0.0901073	102.598	9.57792
0.0914594	108.745	9.58565
0.0899529	96.3008	9.58889
0.0904429	102.666	9.59045
0.0878377	74.3021	9.59111
0.0904365	102.651	9.59452
0.0886748	94.6706	9.59512
0.089545	86.9073	9.59592
0.0919613	115.708	9.59827
0.0894886	87.2328	9.60463
0.0890308	84.339	9.60981
0.091597	113.588	9.61718
0.0887075	89.5419	9.61748
0.0907232	94.7536	9.6182
0.0880716	76.9947	9.62031
0.0913649	105.236	9.62598
0.0906983	106.68	9.63282
0.0879036	85.2697	9.635
0.0901717	94.7709	9.636
0.0888243	95.9573	9.63901
0.0886175	80.4998	9.64013
0.0886658	87.3865	9.64138
0.0900542	96.8033	9.64549
0.0875531	73.4438	9.64679
0.0889419	91.7524	9.64921
0.0873839	81.2527	9.65043
0.0914608	112.551	9.66359
0.0893773	87.7573	9.66545
0.0882818	88.2448	9.66567
0.0881532	91.8319	9.66759
0.0884294	80.5212	9.66965
0.0895781	92.9377	9.67082
0.0878287	75.1339	9.67137
0.0903003	101.455	9.67429
0.0898101	97.8866	9.67697
0.0871985	79.892	9.67927
0.089355	91.4425	9.6798
0.0887463	92.5262	9.68482
0.0885569	88.5927	9.68579
0.0909737	83.7777	9.6876
0.0886777	85.0109	9.68895
0.0879474	84.8777	9.6892
0.0880956	86.7746	9.69119
0.0885232	87.8975	9.70942
0.0890846	87.0172	9.71264
0.0889861	89.3916	9.71317
0.087517	82.3006	9.71819
0.0920007	115.932	9.71971
0.0875171	82.3006	9.71995
0.0877038	83.2809	9.72036
0.0870006	79.884	9.72497
0.0912979	111.091	9.72514
0.0889298	81.8002	9.73063
0.087515	83.6132	9.75648
0.0891003	100.772	9.75829
0.0900595	99.3489	9.7587
0.0871364	81.0193	9.76107
0.0877113	86.0026	9.77217
0.0892673	93.7104	9.7748
0.0904833	105.146	9.78722
0.088595	97.5861	9.78891
0.0882121	87.6334	9.79006
0.0868493	89.9331	9.79985
0.0867822	78.6703	9.80256
0.0867073	76.6714	9.80383
0.087849	87.5703	9.81854
0.0878045	92.8611	9.82435
0.088931	103.668	9.83539
0.0888216	99.3522	9.83878
0.0896087	99.2134	9.8411
0.0885636	90.868	9.84122
0.0867083	79.423	9.84353
0.0888897	93.7267	9.84426
0.0876626	86.292	9.84545
0.0876626	86.292	9.84662
0.0863059	75.7193	9.84663
0.0875469	88.0373	9.8492
0.0869841	91.2501	9.85382
0.0892963	106.266	9.85539
0.0892874	102.707	9.85833
0.0868264	87.1925	9.85835
0.0878042	89.7895	9.85845
0.0873854	84.2512	9.86202
0.0864268	77.2964	9.87167
0.0895571	95.579	9.87195
0.0865091	81.2671	9.8768
0.0872943	82.3952	9.87844
0.0890601	98.4651	9.88262
0.0866683	88.9463	9.88534
0.0879773	90.9879	9.88578
0.0879819	91.0114	9.88596
0.0869656	78.3936	9.88614
0.0872101	81.138	9.88724
0.0868277	87.3292	9.89384
0.0884207	99.8074	9.89661
0.0895554	104.37	9.89716
0.0890974	101.674	9.89979
0.0886623	103.054	9.90702
0.086572	77.3998	9.9099
0.0836976	76.6467	9.91857
0.0869564	94.5206	9.92022
0.086387	85.6679	9.92232
0.0881835	94.834	9.9231
0.08602	73.6926	9.92709
0.0861162	73.2151	9.92789
0.0867849	83.0357	9.9306
0.0872874	100.551	9.933
0.0881424	95.1342	9.93669
0.0870495	91.6679	9.93813
0.086691	85.9852	9.93906
0.0879935	94.5311	9.94333
0.0857155	72.0392	9.96101
0.0870491	87.4633	9.96842
0.0873951	86.8709	9.97191
0.0878377	96.1417	9.973
0.0875983	91.1138	9.97675
0.0874179	89.7069	9.98286
0.0882162	98.2018	9.99091
0.0867087	85.8106	9.99289
0.0887142	89.3003	9.99325
0.0892773	106.814	9.99677
0.0868984	80.8038	9.99842
0.0873628	92.6934	10.0001
0.087479	94.0387	10.0006
0.0867444	96.5536	10.0016
0.0892513	96.6047	10.0027
0.0868948	97.7602	10.0047
0.0864242	87.6204	10.0087
0.0885731	101.544	10.0153
0.0871751	99.4523	10.0178
0.0883764	100.63	10.0234
0.0891149	104.814	10.0287
0.0857258	79.7752	10.031
0.0870974	90.7136	10.0499
0.0866415	87.2301	10.0502
0.0889541	97.7483	10.0586
0.0859302	81.1615	10.0591
0.0870286	84.9693	10.0597
0.0858124	80.6349	10.0633
0.0869171	94.8738	10.0683
0.0854724	80.9211	10.0714
0.0893787	107.784	10.0757
0.0859723	88.1209	10.0779
0.0862521	93.0413	10.0905
0.0857125	86.1676	10.1093
0.0846818	73.7237	10.1153
0.0861431	89.3414	10.1158
0.0862546	83.2683	10.1185
0.0861432	89.3415	10.1193
0.0862943	84.8504	10.1267
0.0863871	90.7947	10.1433
0.0851508	78.2245	10.1628
0.0871856	100.337	10.1638
0.0860133	84.7086	10.1659
0.0859364	84.5759	10.167
0.0857257	81.4988	10.1718
0.0852852	76.9462	10.1723
0.0859548	82.7947	10.1729
0.0853794	78.3384	10.1753
0.0860751	85.9398	10.1766
0.0852537	78.8217	10.1801
0.0852474	78.9001	10.185
0.085429	80.166	10.1857
0.0858884	81.8442	10.193
0.0856121	82.3854	10.2099
0.0865248	95.4082	10.2128
0.0858161	83.981	10.2251
0.0862343	93.7037	10.2267
0.0862343	93.7037	10.2275
0.0858186	91.1711	10.2314
0.084427	82.2389	10.2319
0.084964	81.5324	10.2329
0.0854164	94.1638	10.2349
0.0843092	72.0127	10.2361
0.0851211	78.9836	10.2477
0.0847293	75.2776	10.2478
0.0847846	86.1217	10.2506
0.0849809	84.9633	10.2536
0.0870887	95.725	10.2539
0.0850201	77.8248	10.2555
0.0864796	91.9545	10.257
0.0843809	71.1887	10.2606
0.0850531	88.5743	10.2702
0.0849301	75.112	10.2848
0.0845402	83.1878	10.2916
0.0847357	80.0739	10.3079
0.0846346	75.7459	10.3088
0.0849437	84.4534	10.3131
0.0855365	85.2645	10.3138
0.0852287	83.0621	10.3236
0.0863714	84.4522	10.3311
0.0846228	83.8172	10.3423
0.0869398	93.2512	10.3557
0.0837889	77.2984	10.359
0.0840227	70.4849	10.3594
0.0848087	83.8994	10.3697
0.0853979	87.63	10.384
0.084553	81.6151	10.387
0.0833128	74.4387	10.391
0.0846894	82.6766	10.3952
0.0846097	86.1006	10.3959
0.0826129	70.5793	10.3996
0.0833869	76.2201	10.4127
0.0846079	85.6195	10.4152
0.0841968	81.1709	10.4193
0.0840652	80.1293	10.4203
0.0851483	85.7001	10.4296
0.0826233	69.6611	10.4321
0.0839779	81.7482	10.4327
0.0840094	79.1066	10.4351
0.085049	92.2304	10.4374
0.0838123	81.1385	10.4395
0.0839358	82.0148	10.4469
0.0855857	89.4298	10.4523
0.0845825	90.3973	10.4525
0.0844571	73.7112	10.4553
0.0850658	93.2622	10.4644
0.0836252	77.7468	10.4792
0.0847313	83.9405	10.4988
0.0829604	73.1728	10.5167
0.0828819	71.2684	10.5227
0.0835194	76.9169	10.5267
0.0827006	71.6992	10.5388
0.0831	72.9571	10.539
0.0822468	68.4183	10.5432
0.0826398	79.5526	10.5437
0.0830954	74.609	10.5464
0.0834539	77.2522	10.5584
0.084241	83.8393	10.5608
0.0850958	89.3813	10.5635
0.084124	86.803	10.5656
0.0838207	77.6971	10.5671
0.0838158	77.8473	10.5672
0.0840629	86.5018	10.5675
0.0837478	83.901	10.5694
0.082739	81.4877	10.5728
0.0828153	84.5221	10.5795
0.0829419	80.9508	10.5869
0.0831214	82.7191	10.5903
0.0843264	88.1353	10.5987
0.0844253	89.1291	10.6175
0.0832265	81.029	10.6277
0.0836821	80.1615	10.6324
0.0822829	78.2834	10.6371
0.0834618	82.6583	10.6388
0.0830291	79.3587	10.6507
0.0829388	75.3387	10.6683
0.0834773	78.4288	10.6831
0.0827418	73.895	10.7108
0.0827866	75.5482	10.7149
0.083908	85.5426	10.718
0.0830702	86.1995	10.7371
0.0822214	77.2921	10.7624
0.0831733	77.0008	10.7797
0.0829253	85.4074	10.7813
0.0819872	77.1398	10.7895
0.0823379	79.1209	10.7957
0.0818445	75.9451	10.7964
0.0826627	80.7004	10.7988
0.0819561	75.172	10.7994
0.081423	75.8813	10.8217
0.0820435	79.7139	10.8297
0.0820561	75.7552	10.8312
0.0819655	75.3819	10.8325
0.0820408	79.7075	10.8329
0.0985787	106.78	10.8409
0.0824253	78.4263	10.8592
0.08196	79.0722	10.8813
0.0816753	74.5627	10.8845
0.0817904	77.7995	10.8863
0.0816753	74.5626	10.8875
0.0815056	73.9021	10.8907
0.082557	83.6622	10.8915
0.0808261	77.9777	10.8934
0.0822741	81.1595	10.8945
0.0814912	71.6348	10.9212
0.0809765	78.1483	10.9382
0.0830335	81.9989	10.9763
0.0823783	82.2443	10.9852
0.0805539	75.434	10.9979
0.0807232	67.9255	11.0096
0.0811122	71.0455	11.0308
0.0808114	71.6443	11.0369
0.0810598	73.458	11.0421
0.0806385	76.833	11.0437
0.0815896	76.3858	11.0507
0.0812506	70.7242	11.0516
0.0810928	79.1595	11.0708
0.0801812	73.3486	11.0759
0.0809468	69.521	11.0924
0.0798201	71.7438	11.0944
0.0811508	79.6771	11.1019
0.080615	68.5047	11.1091
0.0802965	73.7059	11.1144
0.0802974	73.7088	11.1146
0.081646	73.516	11.132
0.0802242	74.6545	11.1341
0.0807747	78.3356	11.137
0.0795762	70.5898	11.1392
0.0800727	73.5703	11.1779
0.0803104	75.4022	11.1786
0.0812849	72.3802	11.1897
0.080557	75.7918	11.2103
0.0800365	72.6759	11.2308
0.0800365	72.676	11.2316
0.0803284	66.712	11.2456
0.079542	69.2947	11.2745
0.0787002	64.9944	11.3297
0.0800741	72.2246	11.3425
0.0806555	77.5784	11.3683
0.0808528	69.7941	11.3731
0.0796517	70.2662	11.3751
0.0791676	68.1025	11.4257
0.0790237	66.1367	11.449
0.0792548	68.9761	11.4943
0.0792914	67.7115	11.5484
0.0789504	66.6205	11.5794
0.11301	30.0361	13.4371
0.113379	30.8502	13.5516
0.113268	30.6572	13.5617
0.113658	31.7072	13.5822
0.11377	31.7826	13.5946
0.113632	31.6166	13.6044
0.113109	30.2894	13.6439
0.113468	31.1026	13.6914
0.113591	31.5088	13.6953
0.113149	30.3726	13.6978
0.113413	31.2315	13.7228
0.113484	31.1664	13.755
0.113484	31.1664	13.7567
0.113385	31.1648	13.7883
0.111661	29.3326	13.7993
0.111903	30.0009	13.8076
0.112044	29.8075	13.8404
0.111988	29.7846	13.8892
0.112138	30.3867	13.9562
0.112246	30.6197	13.9759
0.112102	30.6717	13.995
0.110456	26.808	14.059
0.112047	30.3734	14.0626
0.112072	30.6008	14.0642
0.112052	30.3849	14.0658
0.112308	30.9128	14.07
0.109868	28.8364	14.0738
0.109749	28.8214	14.0755
0.112093	30.4783	14.078
0.109632	28.212	14.0915
0.111934	30.3227	14.0945
0.109672	28.5007	14.1103
0.11127	28.8736	14.1217
0.112003	30.201	14.1305
0.110249	26.4715	14.1343
0.110665	27.582	14.1736
0.11088	28.0179	14.174
0.109676	28.4527	14.2022
0.110027	29.3459	14.2362
0.109415	26.9245	14.2511
0.110142	29.5508	14.26
0.110598	27.1804	14.2608
0.110607	27.5419	14.2627
0.110697	27.4192	14.2678
0.110697	27.4193	14.2678
0.109144	26.3125	14.2781
0.109981	29.343	14.2807
0.109847	29.0359	14.2937
0.110867	27.8808	14.2956
0.110703	27.3971	14.2964
0.110109	29.7223	14.3028
0.110468	26.9614	14.3045
0.109944	29.156	14.3062
0.109944	29.1559	14.3069
0.107242	25.2917	14.3219
0.110631	27.429	14.341
0.110432	26.8545	14.3569
0.107859	23.6543	14.3624
0.109334	25.4822	14.3798
0.109237	26.6887	14.3858
0.108995	25.7569	14.3985
0.109798	29.1382	14.3985
0.108001	23.9802	14.4052
0.108001	23.9805	14.4054
0.107975	23.8709	14.4242
0.109426	26.783	14.4312
0.109426	26.7848	14.4353
0.107918	27.5995	14.4368
0.109154	26.0667	14.441
0.109883	29.2152	14.4457
0.10946	27.0906	14.449
0.10789	27.8977	14.4492
0.10789	27.8978	14.4493
0.107722	27.1994	14.4567
0.108019	23.9574	14.462
0.10902	26.0664	14.4639
0.107155	24.9384	14.464
0.10741	25.4889	14.4778
0.107393	25.6977	14.4801
0.107102	25.2692	14.489
0.107355	25.5248	14.4998
0.108025	24.1308	14.5157
0.107796	23.3985	14.5204
0.107358	25.4285	14.5267
0.10782	23.5198	14.5286
0.109375	27.0077	14.5311
0.106972	24.6903	14.534
0.107489	25.9456	14.535
0.10782	27.7741	14.5514
0.106968	24.9323	14.5523
0.108077	24.1427	14.5554
0.107701	23.2818	14.5573
0.10812	24.4016	14.5744
0.109734	27.3207	14.5752
0.107178	25.3472	14.5788
0.108057	24.231	14.5957
0.108028	28.131	14.5995
0.109437	26.7463	14.6205
0.108037	28.2839	14.6223
0.108142	24.3658	14.6459
0.106426	22.6135	14.6634
0.107288	25.7844	14.664
0.1079	27.8167	14.6703
0.106527	22.8854	14.7116
0.107274	25.6402	14.7131
0.108167	28.4092	14.7409
0.105889	25.0492	14.7478
0.107925	27.7547	14.7483
0.106718	23.4412	14.7529
0.108124	28.3135	14.7719
0.103446	18.6081	14.7936
0.107234	25.658	14.7938
0.108138	24.3818	14.7951
0.105415	24.4268	14.7999
0.104739	22.1909	14.8136
0.107938	28.2956	14.8154
0.106786	23.3212	14.8328
0.106808	23.4457	14.8481
0.105189	20.43	14.8495
0.10553	21.0863	14.8518
0.106839	23.4963	14.853
0.10577	24.83	14.8534
0.104445	21.6098	14.8597
0.105393	24.5366	14.8608
0.106768	23.4254	14.8672
0.105452	24.5825	14.8711
0.105452	20.8495	14.8744
0.105045	23.7671	14.8766
0.105179	23.9464	14.8883
0.106891	23.7509	14.8931
0.105495	24.7573	14.8985
0.107747	27.4794	14.9077
0.105565	24.4166	14.9092
0.1067	23.5035	14.9139
0.106898	23.7895	14.9142
0.104467	21.9088	14.9155
0.105522	20.9841	14.9273
0.105522	20.9841	14.9281
0.105431	24.3425	14.9382
0.105902	26.5125	14.9413
0.105426	21.0169	14.9428
0.106145	27.3922	14.9447
0.104628	22.1158	14.9512
0.107997	28.2877	14.9519
0.106425	22.6746	14.9535
0.104628	22.1159	14.9537
0.104738	22.3887	14.9643
0.10443	21.6688	14.9679
0.104523	21.8948	14.9717
0.106691	23.1895	14.9816
0.105303	20.6676	14.9837
0.103427	16.1629	14.988
0.105517	25.8894	14.9898
0.105092	20.1764	14.9922
0.105497	21.1406	15.0033
0.105733	26.2325	15.004
0.105337	24.7162	15.0062
0.10482	22.6433	15.0089
0.105301	20.5763	15.0119
0.106562	22.9548	15.013
0.102861	17.7262	15.0178
0.104698	22.2436	15.0223
0.105786	26.6828	15.0277
0.102904	17.7463	15.0301
0.104345	20.4944	15.0356
0.10691	23.6683	15.0397
0.105525	20.7337	15.0455
0.102072	18.9955	15.0622
0.104265	20.2992	15.0712
0.104425	20.6382	15.078
0.105481	24.8402	15.0982
0.103114	18.1736	15.1056
0.102203	19.2097	15.1108
0.100795	15.5631	15.1125
0.105646	21.2547	15.1153
0.101857	18.7212	15.1252
0.103333	23.0637	15.1257
0.103141	18.2916	15.1284
0.106014	26.7417	15.132
0.105392	24.6589	15.133
0.102688	20.8923	15.14
0.104779	22.5527	15.1401
0.104434	20.555	15.1423
0.102962	17.932	15.1429
0.105769	26.7881	15.1445
0.103044	18.2143	15.1466
0.102968	20.7124	15.1467
0.103191	18.3873	15.1512
0.104869	22.5346	15.1515
0.104299	20.3641	15.1568
0.105509	23.8001	15.1588
0.105956	27.1139	15.1617
0.102074	19.0293	15.1734
0.101864	17.7016	15.174
0.104827	22.4786	15.1743
0.104092	18.3649	15.1836
0.105631	21.1968	15.1842
0.104224	20.4486	15.187
0.104428	20.6575	15.1984
0.101944	17.6407	15.2009
0.105402	21.0551	15.2019
0.103669	25.0758	15.2093
0.101744	19.2691	15.2108
0.103025	18.1521	15.2138
0.105921	26.8744	15.2165
0.105909	26.6635	15.2229
0.101992	17.7392	15.2231
0.105895	26.8115	15.2236
0.10199	17.7368	15.2237
0.103264	18.4487	15.232
0.103986	19.86	15.2325
0.102147	19.184	15.244
0.102788	21.167	15.2477
0.102582	20.7211	15.2502
0.10318	23.088	15.2504
0.102246	19.3661	15.2505
0.10422	20.2667	15.2516
0.102246	19.366	15.252
0.100574	15.5653	15.2534
0.103349	23.1123	15.2536
0.105969	26.7811	15.2541
0.101654	17.0843	15.2547
0.103553	25.1443	15.2555
0.103745	25.3131	15.2568
0.102897	17.8376	15.2578
0.100728	15.5895	15.2642
0.101879	17.5786	15.2717
0.102138	19.2599	15.2847
0.103331	21.9031	15.2848
0.104056	20.0495	15.2858
0.104789	22.4621	15.2865
0.103015	21.668	15.2923
0.103288	23.1383	15.2979
0.103189	21.7501	15.3007
0.103668	25.1262	15.3066
0.10279	21.1577	15.3129
0.100922	15.8081	15.3157
0.100922	15.8081	15.3162
0.104375	20.5481	15.3184
0.104157	19.9805	15.3237
0.102757	21.1327	15.337
0.106013	26.9228	15.3377
0.101674	17.2194	15.348
0.101772	17.4016	15.3514
0.10071	15.4608	15.3554
0.100835	15.6713	15.3591
0.100936	15.823	15.3673
0.0926782	8.35258	15.3699
0.106003	27.007	15.3719
0.104341	20.5995	15.3749
0.10352	23.7814	15.3799
0.103184	23.1387	15.3956
0.101786	17.417	15.3993
0.101779	18.5641	15.405
0.102237	19.4065	15.406
0.103871	25.7043	15.413
0.103871	25.7043	15.4143
0.102396	19.6072	15.4187
0.103412	23.4941	15.4193
0.103832	25.6293	15.4208
0.100977	15.7698	15.4229
0.103566	23.6015	15.4241
0.102898	21.169	15.4352
0.103567	23.6016	15.4365
0.103572	25.2632	15.4423
0.103214	18.4889	15.4446
0.102848	21.2732	15.452
0.102048	17.7776	15.4712
0.103212	21.6986	15.4746
0.100969	15.9361	15.485
0.103746	25.5498	15.4879
0.103485	23.45	15.4883
0.0999266	16.7146	15.4908
0.0998687	16.4748	15.4917
0.0996496	15.1146	15.5032
0.0995892	14.9384	15.5056
0.103288	18.5213	15.5067
0.103758	25.4227	15.5153
0.103575	23.5655	15.516
0.101027	16.0087	15.5203
0.10088	20.0332	15.5212
0.103656	23.8394	15.5212
0.100032	16.7403	15.525
0.100032	16.7402	15.5272
0.102154	18.0231	15.536
0.0997284	16.3255	15.5501
0.103772	25.7263	15.5645
0.103636	23.7771	15.5886
0.102484	19.6206	15.5886
0.100954	15.9481	15.6001
0.0997254	15.2448	15.6058
0.10225	19.4337	15.6153
0.102914	21.4064	15.6187
0.104004	26.0503	15.6224
0.101071	16.0255	15.6251
0.0998599	16.5023	15.6269
0.0999842	16.6444	15.6297
0.102084	17.9502	15.6307
0.101019	21.6311	15.6358
0.0982246	15.6945	15.637
0.104156	26.0916	15.641
0.102285	19.4435	15.6459
0.100623	18.5285	15.6483
0.100621	18.527	15.6486
0.0999337	16.6209	15.6531
0.0998004	15.3562	15.6537
0.0977953	13.3452	15.6606
0.100374	18.1762	15.6668
0.0998473	15.393	15.6826
0.100449	18.3076	15.6842
0.0996563	16.1174	15.6871
0.101939	17.8566	15.6896
0.0986911	13.5611	15.6948
0.0998933	15.4216	15.6984
0.0998932	15.4212	15.6994
0.102991	21.4644	15.7169
0.102016	17.8649	15.7279
0.100923	20.164	15.7335
0.100903	15.9542	15.7366
0.0975118	12.9725	15.741
0.0989015	13.8014	15.7433
0.100658	18.5102	15.7518
0.0982994	15.8419	15.7525
0.0986451	13.4353	15.7606
0.100109	16.8959	15.7667
0.0999023	15.4442	15.7698
0.0938565	15.7968	15.7784
0.0982566	15.8219	15.7925
0.100663	18.3942	15.7956
0.0975133	12.9364	15.8013
0.100823	18.8043	15.8046
0.0968998	11.66	15.8081
0.100607	18.5406	15.8113
0.0999002	15.4931	15.822
0.100974	21.6008	15.8253
0.100667	19.7903	15.8274
0.101223	20.6509	15.8288
0.0976016	13.0185	15.835
0.097322	12.712	15.8351
0.0980301	14.2168	15.8467
0.0998902	15.5367	15.8491
0.0976322	13.1063	15.8496
0.0968402	11.7403	15.8499
0.0977879	13.2483	15.8501
0.0999485	16.7826	15.8603
0.101045	20.5079	15.8624
0.100016	16.8347	15.8625
0.09773	13.2105	15.8676
0.0976653	14.0293	15.8715
0.0996806	14.9124	15.8736
0.100086	16.9083	15.8755
0.100896	20.0511	15.8846
0.0984426	15.9991	15.8878
0.0967293	11.6511	15.8959
0.0976753	13.2429	15.8962
0.0969314	11.9136	15.8964
0.100641	18.7385	15.8979
0.0967781	11.7697	15.904
0.0987624	13.1905	15.9113
0.100781	18.8418	15.9138
0.0984605	16.0905	15.9181
0.0984651	16.1155	15.9197
0.098465	16.1154	15.9209
0.097802	13.3553	15.9231
0.0977202	13.2161	15.9266
0.104058	26.0555	15.9294
0.0977086	13.197	15.9331
0.100985	20.4485	15.9335
0.100953	20.2794	15.9363
0.0977187	13.8185	15.9385
0.0987891	13.7073	15.9426
0.0998354	15.419	15.9441
0.0988956	13.7794	15.9459
0.101056	20.4625	15.9512
0.0989444	13.5419	15.9517
0.0986165	13.3762	15.9544
0.0987345	13.5552	15.9744
0.100921	20.1165	15.9768
0.0978835	14.3629	15.9835
0.0981072	15.5157	15.9884
0.0988317	13.7326	15.9884
0.097623	14.1798	15.9946
0.0996447	14.9311	16.0043
0.0985152	16.1796	16.0044
0.101237	20.72	16.0057
0.0976152	14.0522	16.0086
0.100658	18.6063	16.0093
0.0977786	13.3038	16.0185
0.0969019	11.8443	16.0206
0.102024	24.7808	16.0317
0.0979082	14.4163	16.0348
0.0979082	14.4163	16.0364
0.100707	18.7215	16.037
0.0963363	17.2004	16.0388
0.101014	21.8035	16.0425
0.099893	15.473	16.0553
0.0965224	11.3732	16.0618
0.101701	24.1932	16.0635
0.0958514	11.4823	16.0638
0.101741	24.0829	16.0688
0.0967831	11.7027	16.0941
0.0989194	13.7927	16.1151
0.101618	22.6468	16.1217
0.101867	24.459	16.1229
0.099283	20.0825	16.1246
0.101166	20.5562	16.1259
0.101165	20.5537	16.1269
0.097854	14.358	16.1319
0.0986	16.2659	16.1336
0.0957495	11.3023	16.1367
0.0948201	9.9708	16.1379
0.101814	24.3681	16.1386
0.100681	18.6512	16.1386
0.102007	24.7034	16.142
0.0984585	16.1128	16.1527
0.0989208	13.8081	16.1531
0.0985886	16.2526	16.1538
0.0965449	11.4284	16.1582
0.101767	24.5252	16.1591
0.101644	23.8679	16.16
0.101669	24.0219	16.1676
0.101267	22.2282	16.1711
0.0956024	11.185	16.1718
0.101267	22.2291	16.1726
0.101144	22.04	16.1727
0.101068	20.4714	16.1744
0.0948874	9.99809	16.1914
0.095612	11.113	16.1979
0.102003	24.7082	16.2089
0.101869	24.5406	16.2095
0.0956996	11.2553	16.2207
0.0985314	16.119	16.2251
0.095663	11.2121	16.2371
0.09951	19.8428	16.2397
0.0968674	11.7929	16.2435
0.101626	22.6389	16.2467
0.0957284	11.3997	16.2484
0.0989358	19.075	16.2516
0.101304	22.3552	16.2616
0.0977083	13.2501	16.2677
0.101112	22.1185	16.2681
0.0954152	10.9523	16.2753
0.0979272	14.5084	16.2763
0.0997745	21.6405	16.2768
0.0978518	14.4836	16.2787
0.0978881	14.4814	16.2866
0.0966797	14.0095	16.2886
0.0989241	13.8302	16.2923
0.101605	22.6706	16.2924
0.0958004	11.3936	16.2948
0.0958024	11.4056	16.296
0.101861	24.4459	16.3042
0.0963746	14.8337	16.3085
0.0970057	11.9086	16.3105
0.0990864	20.5521	16.3127
0.0947461	9.89307	16.3143
0.0958169	11.445	16.3152
0.0950052	10.2134	16.3266
0.0958355	11.4476	16.3278
0.0966547	15.3016	16.3356
0.0968756	11.7926	16.3636
0.10113	22.0724	16.3672
0.101038	21.8507	16.373
0.0979626	14.5046	16.3737
0.098459	16.256	16.382
0.0989771	19.1272	16.3878
0.0978293	14.3892	16.4023
0.0964046	14.8309	16.4048
0.0991879	21.0076	16.4109
0.0991879	21.0075	16.4123
0.0990986	20.705	16.4162
0.0965236	15.0692	16.4231
0.0964939	15.0212	16.4258
0.0992883	21.1049	16.4261
0.0984636	17.1674	16.4289
0.0969203	11.8757	16.435
0.09961	21.5281	16.4354
0.100021	23.658	16.4596
0.101045	21.8143	16.4651
0.0959074	11.4944	16.4664
0.0990716	20.7386	16.4825
0.0995967	21.4895	16.484
0.0949793	10.0552	16.4855
0.100033	23.6343	16.4898
0.0984037	17.0625	16.4934
0.0992069	21.1073	16.4949
0.0987497	18.872	16.4959
0.0998196	23.1439	16.4985
0.0957941	11.4305	16.4998
0.0989379	17.8324	16.5041
0.0988957	19.2118	16.5149
0.0989001	19.24	16.5152
0.09561	12.1441	16.516
0.100126	23.6507	16.5207
0.0967977	16.6445	16.5213
0.0996609	23.004	16.5307
0.0996586	22.9993	16.5316
0.0966433	14.3425	16.5374
0.0986656	18.7353	16.5388
0.0991749	20.7229	16.5463
0.0991163	20.8528	16.5484
0.101944	24.7159	16.5514
0.0996387	22.6736	16.5628
0.0966094	15.2611	16.5844
0.0949624	10.1315	16.586
0.100187	23.5291	16.5869
0.100054	23.4883	16.5921
0.0965465	15.2061	16.5947
0.0967346	15.2269	16.601
0.0955552	12.0816	16.6114
0.0950392	9.83012	16.6199
0.095781	12.3805	16.6213
0.098497	17.2701	16.6222
0.0950094	10.1765	16.6231
0.0966359	15.1119	16.6295
0.0985971	17.4655	16.6305
0.0996457	22.9171	16.6341
0.0946807	9.82124	16.6367
0.0996287	22.9908	16.6522
0.0991378	20.9623	16.6522
0.0936494	9.47039	16.6562
0.0995885	22.9328	16.6569
0.0969081	16.7166	16.6576
0.0966318	15.2637	16.6608
0.0936554	9.468	16.6769
0.099449	22.4709	16.6793
0.097478	18.6993	16.6814
0.0938208	9.65516	16.6828
0.0938708	9.71374	16.6854
0.0962582	13.7013	16.6913
0.0972018	17.08	16.6914
0.0965352	15.1268	16.6929
0.0962629	13.7805	16.6962
0.0962369	13.7469	16.6968
0.0962369	13.7469	16.6973
0.0966417	16.2919	16.7002
0.0967782	17.8154	16.7027
0.0971832	18.986	16.7052
0.0956874	12.2673	16.7074
0.0986637	17.6745	16.7074
0.095996	13.4141	16.7097
0.0957719	12.4152	16.7142
0.0955745	12.0924	16.7181
0.0949755	10.1624	16.7188
0.095788	12.4255	16.722
0.097395	18.5772	16.7258
0.09714	19.6417	16.7282
0.0950646	10.1812	16.7287
0.0985459	17.4562	16.7309
0.0993769	22.6855	16.734
0.0986563	17.6773	16.7348
0.0967984	16.6099	16.74
0.0967985	16.6101	16.7401
0.0972063	16.3264	16.745
0.0988967	19.3403	16.7484
0.0938709	9.72724	16.7531
0.0948786	10.0581	16.7551
0.0950593	10.1918	16.7569
0.0958556	12.4938	16.7579
0.0958086	12.3988	16.764
0.0966435	15.3441	16.7697
0.0958086	12.3988	16.7709
0.0948792	10.0571	16.7753
0.0956856	12.2957	16.7782
0.0988252	19.242	16.7813
0.0986068	17.5606	16.7836
0.098607	17.5609	16.7851
0.0974112	18.6679	16.7871
0.0979845	20.7165	16.7906
0.0981787	22.6026	16.7974
0.0968028	16.5675	16.7984
0.0965587	16.2048	16.8109
0.0931598	8.62385	16.8192
0.0944024	12.0019	16.8227
0.0930427	8.55087	16.8249
0.0969384	19.3859	16.8329
0.0980487	22.4869	16.8364
0.0939091	10.6165	16.837
0.0939058	10.6211	16.8374
0.0960055	13.4525	16.8407
0.0960195	13.3468	16.8424
0.0938364	9.73261	16.8442
0.0965099	15.1929	16.8477
0.0961631	13.5702	16.8545
0.0932222	8.67672	16.8568
0.0968346	16.5808	16.8572
0.0924979	8.079	16.8586
0.0939636	9.81312	16.8602
0.0991943	19.6139	16.8612
0.0947669	14.2097	16.8617
0.0960914	13.6188	16.8642
0.0960099	12.5894	16.8652
0.0957811	12.3477	16.8675
0.0942556	11.7933	16.8677
0.0931031	8.68677	16.8765
0.0967429	17.8167	16.8808
0.0937624	10.4315	16.8823
0.0958834	12.4945	16.8837
0.096635	16.3351	16.8921
0.0965846	16.2708	16.8977
0.0927531	8.32267	16.899
0.0985756	17.5803	16.9016
0.0926977	8.27149	16.9021
0.0986657	17.7898	16.9022
0.0968216	18.0756	16.9109
0.096801	17.9988	16.9125
0.096375	13.0422	16.9127
0.0931569	8.7458	16.916
0.0989503	19.2149	16.9165
0.0948431	14.3901	16.917
0.0971103	19.7462	16.9186
0.0971516	19.7681	16.919
0.0932545	8.71304	16.9209
0.0969996	19.4443	16.9237
0.0927832	8.32889	16.9248
0.0968955	17.9716	16.926
0.0963112	13.8185	16.9263
0.097928	22.2315	16.9268
0.0981641	22.6153	16.9278
0.0942391	11.7431	16.9333
0.0976351	20.4579	16.9359
0.0978016	22.0621	16.9452
0.0970143	18.1508	16.9458
0.09261	8.33567	16.9486
0.09261	8.33567	16.949
0.0943971	12.7637	16.9513
0.0946576	12.8796	16.9526
0.0925907	8.23113	16.9546
0.0968969	17.9678	16.9549
0.0978595	22.1562	16.9564
0.0970793	19.6868	16.9592
0.0928343	8.43901	16.9601
0.0969181	18.1442	16.9667
0.0932034	8.7342	16.9685
0.0969181	18.1442	16.9688
0.0925874	8.17812	16.9719
0.0970374	19.5203	16.9721
0.092972	8.60233	16.9722
0.0929708	8.60346	16.9726
0.0961605	13.6531	16.9794
0.0962884	13.8188	16.981
0.0941965	11.5624	16.9834
0.0939667	9.80229	16.988
0.0940173	9.88721	16.9927
0.094521	15.1828	16.994
0.0969585	18.1879	16.9959
0.0986768	17.6527	16.9974
0.0967256	17.6775	17.004
0.0988555	19.2475	17.0203
0.0926823	8.33071	17.0239
0.0988683	19.2691	17.0248
0.0930927	8.55499	17.0262
0.0945757	14.0369	17.0304
0.0976238	21.8627	17.0309
0.0977072	20.3419	17.035
0.0953713	16.0835	17.0386
0.0942789	11.806	17.039
0.0942789	11.806	17.0405
0.0929154	8.4222	17.0439
0.0941154	11.5934	17.0471
0.0938109	10.5234	17.06
0.0975874	21.5248	17.0614
0.0932866	8.71051	17.067
0.094842	14.3483	17.0676
0.0943144	11.8069	17.0676
0.0939636	9.82703	17.068
0.0927904	8.56604	17.0781
0.0943518	12.6846	17.0858
0.0947611	14.3878	17.0867
0.0938909	10.5201	17.0885
0.0975334	21.4279	17.0891
0.0940241	9.92161	17.0899
0.0944535	12.8805	17.1011
0.0950347	14.6574	17.1011
0.0946907	13.1366	17.102
0.0944886	12.9448	17.1035
0.0944112	11.9152	17.1049
0.0927696	8.38357	17.1102
0.0932415	8.72471	17.1112
0.092136	8.70739	17.1128
0.095121	14.7103	17.1166
0.0978876	20.5457	17.1172
0.0944013	11.9278	17.1176
0.0944784	11.9283	17.1191
0.0919286	8.91315	17.1196
0.0976376	21.8111	17.1259
0.0938768	10.6067	17.1264
0.0921039	9.08046	17.1272
0.0976378	21.8109	17.1277
0.094556	14.0037	17.1292
0.0921357	9.08684	17.13
0.091907	8.88362	17.1322
0.0962762	13.8039	17.1331
0.0949182	14.613	17.1381
0.0975268	21.5152	17.1409
0.0967068	16.5455	17.1418
0.0970507	19.5909	17.1497
0.0944828	12.9212	17.1508
0.094701	13.2244	17.1549
0.0916026	7.63475	17.1568
0.0936384	10.2636	17.1613
0.0946232	15.473	17.1667
0.0919407	8.96303	17.1722
0.0969293	19.5747	17.1801
0.0943818	12.9447	17.1835
0.0975046	21.3737	17.1841
0.0974135	21.5907	17.1916
0.0958895	19.4778	17.1989
0.0959648	19.2105	17.2025
0.0938664	10.6228	17.2042
0.0946389	14.1463	17.2047
0.0916311	8.00551	17.2131
0.0971609	17.0255	17.2252
0.094464	15.0815	17.23
0.0950357	18.3272	17.2309
0.0945101	13.0466	17.248
0.0939248	10.6358	17.248
0.0916217	7.97536	17.2615
0.094378	11.8753	17.2647
0.0942378	11.7278	17.2665
0.0920344	9.01697	17.2688
0.0945054	12.8179	17.2747
0.0926197	12.1142	17.2786
0.0948308	14.3711	17.2828
0.0948616	16.6275	17.2845
0.0947217	15.5415	17.2913
0.0921846	9.83027	17.2914
0.0933085	12.7419	17.2926
0.0954912	17.6236	17.2927
0.0948106	14.318	17.2968
0.0953227	16.122	17.2999
0.0923831	10.1088	17.3074
0.0923528	9.99878	17.3075
0.0947746	14.2925	17.309
0.0919132	8.98777	17.312
0.0944333	12.9246	17.3134
0.0946292	14.54	17.3147
0.0944373	12.9262	17.3158
0.0938011	10.505	17.3169
0.0917888	8.0373	17.3239
0.0926388	8.35271	17.3261
0.0923963	10.123	17.3273
0.0921487	9.16674	17.3305
0.0922278	9.97374	17.3336
0.0920713	8.35842	17.3337
0.0902226	7.29591	17.3353
0.0955271	17.6015	17.344
0.0947675	14.2153	17.3455
0.0925797	12.1179	17.3493
0.0923385	10.084	17.35
0.0938878	8.44316	17.3504
0.0943811	11.8628	17.3524
0.0949937	17.0019	17.3555
0.0938974	10.6989	17.3579
0.0955521	17.4511	17.3597
0.0948504	16.9114	17.3605
0.0921558	9.01022	17.3614
0.0902598	7.62158	17.3637
0.0917829	8.77542	17.3641
0.0946446	15.4164	17.365
0.0921702	8.34229	17.368
0.093906	10.6533	17.3691
0.09189	8.14672	17.3691
0.0947199	13.297	17.3694
0.0921071	8.34609	17.3706
0.0920444	9.11973	17.3777
0.0917028	7.89331	17.3803
0.092492	11.985	17.3891
0.091335	7.73273	17.3931
0.0958185	19.4078	17.3965
0.0926166	11.144	17.3978
0.0939066	10.6164	17.3997
0.0921106	8.36153	17.4011
0.090272	7.67202	17.4035
0.0918462	8.13068	17.4054
0.0946536	15.4101	17.4059
0.0903464	7.71102	17.4143
0.0921334	9.18273	17.4156
0.0926797	12.2012	17.4158
0.0947345	15.5032	17.4162
0.0902463	7.66921	17.418
0.0947345	15.5036	17.4195
0.0923531	10.072	17.4231
0.0901775	7.56272	17.4301
0.0947375	16.7956	17.4449
0.0947227	16.7769	17.4461
0.0958809	20.4626	17.453
0.0904383	7.77571	17.4562
0.0945951	15.394	17.4566
0.0952044	18.6323	17.4571
0.0924592	11.8666	17.4671
0.0918332	8.13956	17.4684
0.0952382	18.5223	17.4747
0.0959919	21.2389	17.4753
0.0917506	8.05654	17.4853
0.095905	21.1081	17.4872
0.0959553	21.1356	17.4888
0.0916991	8.07473	17.4921
0.0902229	7.65641	17.4948
0.0954034	17.4792	17.4977
0.0926149	12.1351	17.4989
0.0924832	10.9543	17.5006
0.0926149	12.1351	17.5011
0.0915987	7.88854	17.5026
0.0907884	8.70206	17.5124
0.0926763	12.1504	17.5149
0.0920975	8.25456	17.5158
0.0955358	17.6757	17.5173
0.0918354	8.13732	17.5292
0.0945815	15.3545	17.5305
0.0919656	8.25925	17.531
0.0903229	7.70059	17.5311
0.0924855	10.1347	17.5467
0.092659	13.1634	17.5504
0.0923146	10.8666	17.5584
0.0938432	16.7166	17.5589
0.0930038	12.5529	17.5591
0.0899593	7.43273	17.564
0.0952816	18.6186	17.5647
0.092033	8.24311	17.5653
0.0898919	7.3944	17.5699
0.0924554	10.8679	17.5728
0.0902082	7.54364	17.5758
0.0952632	18.4981	17.576
0.0926974	12.3078	17.5761
0.0919629	8.20932	17.5762
0.0947929	16.7422	17.5918
0.0901129	7.5674	17.5918
0.0951914	18.4728	17.5922
0.0952302	18.744	17.5924
0.0926935	11.2368	17.5955
0.0899186	7.43067	17.6039
0.0899186	7.43068	17.6044
0.0905796	8.5061	17.6156
0.0948822	16.7648	17.6166
0.0932062	13.7558	17.617
0.0947464	16.6407	17.6252
0.0920826	9.08846	17.6256
0.0925606	10.2038	17.6345
0.0950084	17.0287	17.6435
0.0913066	13.9616	17.6437
0.0920828	8.3906	17.6464
0.092567	13.0071	17.6484
0.0926336	12.2055	17.6493
0.0898997	7.36424	17.6517
0.0903852	7.80542	17.6691
0.0954909	20.2675	17.6702
0.0924845	10.2464	17.6702
0.0916612	8.03991	17.6846
0.0928882	14.4669	17.6858
0.090364	7.77362	17.6886
0.0916612	8.04009	17.6888
0.0924648	10.1231	17.6895
0.0933566	15.1558	17.6952
0.0898652	7.35813	17.6961
0.0930791	13.6782	17.7039
0.0925358	12.1281	17.7068
0.0920115	8.3391	17.7083
0.0926201	13.1476	17.7089
0.091684	8.01423	17.7112
0.0924454	10.1195	17.7217
0.0926693	13.2289	17.7289
0.0933507	15.0813	17.7371
0.0936103	16.6057	17.7396
0.0903995	7.76565	17.7426
0.0925881	12.2181	17.7448
0.095713	20.7961	17.7492
0.0957133	20.7966	17.7503
0.0907999	8.69757	17.7514
0.091042	8.80655	17.7529
0.0956231	20.6493	17.7544
0.089981	7.48539	17.7602
0.0926487	11.15	17.7683
0.0934003	13.9671	17.7719
0.0955533	19.0871	17.7766
0.0926987	14.2906	17.7884
0.0953655	18.8678	17.7938
0.0906304	8.61697	17.7939
0.0906377	8.59952	17.7959
0.090026	7.52835	17.8009
0.0898862	7.42445	17.8033
0.0900131	7.51475	17.8091
0.0906831	9.41481	17.8105
0.0926568	11.1521	17.813
0.0905744	9.39724	17.8133
0.088561	7.02649	17.8164
0.090699	8.65121	17.817
0.0907759	8.75128	17.8212
0.0926998	13.3104	17.823
0.0954663	20.1099	17.8291
0.0925722	13.2873	17.8297
0.095448	20.3759	17.8301
0.0898577	7.40523	17.8305
0.0926999	13.3104	17.8321
0.0960511	21.2163	17.8402
0.0925077	10.1035	17.8434
0.088546	6.96199	17.85
0.0905059	9.27774	17.8537
0.0887587	7.17131	17.855
0.0906991	8.65153	17.8563
0.0952	18.7119	17.859
0.0924854	11.0197	17.861
0.092835	14.4693	17.8622
0.0954471	20.258	17.866
0.0919489	8.25305	17.868
0.090351	7.76777	17.8684
0.0919496	8.25372	17.869
0.0903192	7.73429	17.8718
0.0926112	11.2169	17.8743
0.0905813	8.56198	17.8757
0.0936479	18.0896	17.8757
0.0905471	9.32698	17.8871
0.0887675	7.16775	17.8882
0.0904998	8.43028	17.8898
0.0925697	13.1656	17.8969
0.0907711	8.69416	17.8984
0.0906197	10.1542	17.9001
0.0929339	14.6497	17.901
0.0904427	9.19414	17.9087
0.0886666	7.1564	17.9102
0.0886997	7.1808	17.9152
0.0925871	13.2344	17.9189
0.0887176	7.1203	17.9199
0.0931602	14.9639	17.9273
0.0959028	20.8322	17.9314
0.0926523	11.3449	17.932
0.0901187	7.5742	17.9348
0.0906869	8.6798	17.9369
0.0926817	13.2085	17.9387
0.0937098	16.6505	17.939
0.0909288	8.81348	17.9461
0.0926695	11.1754	17.9484
0.0905898	9.3685	17.9567
0.0906253	9.43195	17.9594
0.0954438	19.0355	17.9727
0.0884257	6.97969	17.9748
0.0884324	6.98732	17.9771
0.0929383	14.598	17.9811
0.0937565	16.654	17.9817
0.0928138	14.6017	17.9845
0.0928307	14.4891	17.9847
0.0931756	13.701	17.9866
0.0928494	14.444	18.0033
0.0936221	18.0946	18.0045
0.0911964	11.6657	18.0074
0.0908043	10.3428	18.0092
0.090671	9.5056	18.0104
0.0929497	15.9245	18.0198
0.0909722	10.5824	18.0219
0.092951	15.9266	18.0237
0.0906695	10.2859	18.0241
0.0954787	20.359	18.0245
0.0906648	9.46085	18.0291
0.0936505	18.1932	18.0381
0.0913428	12.8232	18.0472
0.0885874	7.03313	18.0563
0.0906696	10.29	18.0566
0.0886226	7.08739	18.0586
0.0906181	11.1146	18.0607
0.0906863	11.2032	18.0675
0.0930665	16.2055	18.0693
0.0906391	9.4263	18.0775
0.0906394	9.42663	18.0776
0.0906556	9.47839	18.0793
0.0935565	15.1008	18.082
0.0906768	10.3323	18.0951
0.0883755	6.94516	18.0987
0.0906988	10.3239	18.1028
0.0929133	15.9159	18.1053
0.0911916	12.744	18.11
0.0933139	17.7314	18.1107
0.0882947	6.86364	18.1111
0.090571	11.0406	18.1176
0.0911333	11.6616	18.1188
0.0929799	15.9176	18.1215
0.0891903	9.00166	18.1218
0.0905899	10.2547	18.1291
0.0884979	6.99321	18.1401
0.0930393	16.0873	18.1402
0.0882667	6.81167	18.144
0.0929455	15.7387	18.1539
0.0911523	10.6644	18.1565
0.0909677	10.5499	18.1566
0.0935618	17.9089	18.1639
0.0890354	8.8267	18.1645
0.0937809	19.8435	18.1665
0.0906955	12.3122	18.1685
0.0908174	9.61983	18.1743
0.0881591	6.72769	18.177
0.0931438	17.4204	18.1844
0.0906667	10.1769	18.1864
0.0935861	19.6134	18.1997
0.0931059	17.3409	18.1998
0.0911788	12.7385	18.2011
0.0924511	11.0919	18.2101
0.0924511	11.0919	18.2106
0.0936692	17.9621	18.2211
0.0892438	9.90235	18.2321
0.0889251	8.7009	18.2331
0.0929371	15.9096	18.2416
0.0886617	7.76743	18.242
0.0885989	7.07433	18.2518
0.0888318	7.25585	18.2564
0.0909572	11.5542	18.2566
0.0939075	20.0166	18.259
0.0908773	12.4848	18.2656
0.0907169	11.3628	18.2683
0.0907825	10.4628	18.2701
0.0908152	12.3132	18.2729
0.0931942	17.5642	18.2752
0.0885727	6.97884	18.2761
0.0874099	6.78518	18.2791
0.0913492	14.0828	18.281
0.0890862	8.91313	18.282
0.0930898	17.2359	18.2849
0.0872418	6.73214	18.2863
0.0872418	6.73214	18.2866
0.0907372	12.1919	18.2948
0.0888931	7.90347	18.2955
0.0932579	15.0916	18.302
0.0891197	8.92782	18.3039
0.0886209	7.17947	18.3081
0.0888567	9.65804	18.3105
0.0942446	15.3887	18.3124
0.0909487	13.5392	18.3157
0.0889025	8.65754	18.3197
0.0889497	8.76816	18.326
0.0908409	12.4171	18.3273
0.0937765	19.7423	18.3288
0.0908409	12.4171	18.3307
0.0910136	13.719	18.3309
0.0874091	6.77705	18.3346
0.0889393	7.9858	18.3458
0.093162	17.4505	18.3737
0.0885341	7.03839	18.3744
0.088808	7.93719	18.3777
0.0888236	7.20581	18.3778
0.0906487	11.2043	18.3784
0.0908423	12.3875	18.3808
0.0923745	11.0187	18.3826
0.090714	11.3137	18.3848
0.0907122	11.3121	18.3866
0.091068	12.6274	18.3896
0.0905232	11.1261	18.3934
0.0872112	6.65619	18.3943
0.0890901	8.85869	18.3984
0.0872112	6.65623	18.4008
0.0884698	7.00504	18.4058
0.0889851	8.8396	18.4067
0.0872612	6.74934	18.413
0.093101	17.2715	18.4143
0.0934938	19.3933	18.4143
0.0907346	11.37	18.4145
0.0889095	8.02363	18.4152
0.0934956	19.3974	18.4154
0.0886502	6.59569	18.4159
0.0905476	11.1983	18.4187
0.0889419	8.77047	18.4329
0.0908873	13.6473	18.4378
0.0888584	7.98993	18.4455
0.0891449	10.5663	18.4464
0.0888926	9.5027	18.4465
0.091227	13.9212	18.4481
0.0912873	15.0522	18.4551
0.0889759	9.68172	18.4552
0.0889921	8.78279	18.459
0.0889376	8.78119	18.4629
0.0908587	13.5304	18.4639
0.090703	10.3069	18.4669
0.0889733	9.64086	18.469
0.0907162	10.3205	18.4708
0.0908964	13.5258	18.472
0.0916035	15.5517	18.4721
0.0888622	9.4649	18.4725
0.0870949	6.63836	18.4783
0.0908907	13.7035	18.4788
0.0907678	12.2766	18.4792
0.0875038	6.87491	18.4872
0.0938738	9.69536	18.5005
0.0933913	19.1284	18.5033
0.0884661	7.02607	18.5118
0.0871015	6.60262	18.5155
0.0936574	19.5745	18.5162
0.0889295	8.01466	18.5271
0.0874063	6.82759	18.5285
0.0889842	8.80602	18.5295
0.0907426	12.3414	18.5354
0.0907422	12.3547	18.5363
0.093419	19.0072	18.5397
0.0870498	6.53629	18.5501
0.0889453	9.70137	18.5501
0.0886841	7.18246	18.5528
0.089175	9.82276	18.5572
0.0889367	9.64118	18.5599
0.0913999	15.2953	18.5637
0.0906007	11.2575	18.5672
0.0928536	15.7516	18.57
0.0937496	19.3732	18.5706
0.091568	14.1614	18.573
0.0889295	8.06349	18.5753
0.0888128	7.86503	18.579
0.0906928	13.3359	18.58
0.0869804	6.53482	18.5819
0.0887731	7.96215	18.5945
0.0892801	10.8141	18.5994
0.0889614	9.59327	18.6035
0.091199	15.0402	18.6062
0.0913588	15.2555	18.6123
0.0914638	15.4152	18.6132
0.0887162	9.38325	18.6136
0.0889716	8.02346	18.6152
0.0889716	8.02343	18.6152
0.089127	10.5572	18.6203
0.0929085	15.7583	18.6355
0.0873718	7.45448	18.6373
0.0873718	7.45449	18.6391
0.0875534	6.91057	18.6466
0.090901	13.6095	18.6535
0.090901	13.6096	18.654
0.0890314	8.11033	18.6632
0.0870707	7.32747	18.6656
0.0871385	6.68883	18.6717
0.0913036	15.2225	18.6783
0.0870986	7.32331	18.6801
0.0913036	15.2225	18.6818
0.0892498	10.843	18.6862
0.0870301	7.25141	18.6872
0.0934573	19.1139	18.6912
0.0934294	19.2779	18.6929
0.0891307	10.7446	18.693
0.0936003	19.3131	18.7165
0.0919344	18.7087	18.7205
0.088899	7.26259	18.7286
0.0868797	6.45836	18.7336
0.0937798	10.6488	18.7357
0.0874085	7.52583	18.7415
0.0870998	6.7161	18.7456
0.0873536	7.46881	18.751
0.0871147	6.59922	18.7536
0.0932463	17.558	18.7566
0.0932463	17.558	18.7587
0.0870247	7.22385	18.7594
0.0914706	16.8312	18.7655
0.0913228	15.0614	18.767
0.0890758	8.9009	18.7773
0.0873968	7.47685	18.7823
0.0912398	14.9049	18.7913
0.0869336	6.52845	18.792
0.0890235	10.5002	18.8078
0.089028	10.6581	18.8089
0.0912838	15.1205	18.8124
0.0866058	6.30065	18.8276
0.0913999	16.7081	18.8325
0.0912799	16.524	18.8411
0.0871655	8.03959	18.8505
0.0916243	18.2741	18.853
0.0893173	11.9018	18.8572
0.088894	10.5613	18.8584
0.088894	10.5613	18.8586
0.0870152	7.21013	18.8598
0.0912143	15.0707	18.8776
0.0870275	6.62074	18.8784
0.0871404	7.3541	18.8786
0.0857397	6.26681	18.8827
0.0891993	11.7802	18.884
0.0917421	18.9211	18.887
0.0889053	8.03879	18.8876
0.091397	18.1216	18.8899
0.0886948	7.17203	18.89
0.0917929	18.6153	18.899
0.087413	6.89187	18.9026
0.0912684	15.1258	18.9051
0.0872258	6.67126	18.9081
0.0874104	8.32831	18.9131
0.0889424	9.63211	18.9181
0.0889424	9.63212	18.9184
0.0889665	10.5278	18.9206
0.0894962	12.0037	18.924
0.0867622	6.47043	18.93
0.0916636	17.0296	18.9423
0.0873249	8.09367	18.956
0.0874526	7.61568	18.9722
0.0889405	10.5252	18.9813
0.0913746	16.6258	18.994
0.0890655	10.6722	18.9944
0.0914747	16.838	19.0009
0.0893796	13.0396	19.0028
0.0892754	11.8771	19.0048
0.089176	9.80338	19.0106
0.0871839	8.13912	19.0248
0.0892841	10.827	19.0283
0.0868404	6.5133	19.0368
0.0874205	7.5711	19.0429
0.0873457	6.84047	19.0435
0.0869312	7.89789	19.0437
0.0914288	18.1071	19.0475
0.0936921	19.5906	19.0486
0.085515	6.16759	19.0531
0.0914149	18.0988	19.0576
0.091274	16.3837	19.0584
0.0912912	16.4896	19.0646
0.0869946	7.96614	19.0724
0.0874445	8.31673	19.0732
0.0870846	6.67922	19.0754
0.0891771	11.813	19.0868
0.0871046	6.63286	19.0875
0.0913378	16.3608	19.1029
0.0852252	5.96507	19.1094
0.0872483	9.03265	19.1127
0.0871803	8.11045	19.1253
0.0873875	10.9007	19.1271
0.0874794	11.0227	19.1416
0.0871638	8.06481	19.1469
0.0871668	8.06751	19.148
0.0913216	16.3561	19.1638
0.0912188	16.3341	19.1753
0.0873502	9.15514	19.1779
0.0914482	16.6321	19.1899
0.0873926	8.2239	19.1908
0.0887078	11.2782	19.1987
0.0895766	15.6563	19.2143
0.0852813	6.02455	19.2207
0.0912707	15.1996	19.2213
0.0872107	8.13389	19.2331
0.0874007	9.13781	19.2347
0.0855435	6.22243	19.2358
0.0888844	11.4444	19.263
0.0895228	13.0766	19.2703
0.0913556	16.6129	19.2759
0.0890983	11.6818	19.2796
0.0888359	11.5128	19.2858
0.0913554	16.6123	19.286
0.0875344	10.1207	19.288
0.0859256	7.86524	19.2937
0.0855268	6.2078	19.3078
0.0889006	11.4254	19.3114
0.0915309	18.3893	19.3133
0.089306	13.0211	19.3183
0.0897888	15.9885	19.3188
0.0893801	13.0698	19.3258
0.0856867	5.89045	19.3259
0.0857341	6.28191	19.3261
0.0857595	6.40357	19.3283
0.0890568	11.6696	19.3325
0.0890629	11.6772	19.3362
0.0914612	18.07	19.3405
0.0852762	5.98137	19.3477
0.0874689	11.9691	19.3513
0.0892775	12.9404	19.3553
0.0894817	14.1012	19.3567
0.089109	12.7048	19.3567
0.0890337	12.5499	19.3592
0.0896808	15.7712	19.3669
0.0894309	14.0899	19.3692
0.0855017	6.21615	19.3786
0.0895549	14.3168	19.382
0.0895636	13.0649	19.3989
0.0857468	6.40376	19.4014
0.0915669	18.17	19.4053
0.091386	17.9224	19.4106
0.0892999	15.2177	19.416
0.08947	14.2691	19.4174
0.0858388	7.7798	19.4299
0.0913453	17.8449	19.4313
0.0873842	10.0095	19.4327
0.0894705	14.1442	19.44
0.0894224	14.2741	19.4427
0.0873824	10.9366	19.4441
0.0891209	12.7097	19.4509
0.0874251	10.0589	19.4526
0.0873971	8.33653	19.4542
0.0857364	7.0175	19.457
0.0914581	17.8855	19.4595
0.089484	14.3366	19.4623
0.0858158	7.02403	19.4695
0.0861399	7.98355	19.4714
0.0893677	15.3797	19.4799
0.08931	12.9306	19.4961
0.0890418	12.6107	19.5048
0.0872943	9.10101	19.5063
0.0871221	9.70458	19.5076
0.0875945	13.4016	19.5099
0.0891792	12.8907	19.5111
0.0876132	9.79555	19.5149
0.0854284	6.83186	19.5165
0.085143	5.99637	19.5178
0.0855587	6.14085	19.5263
0.0855307	6.2388	19.5357
0.0850084	5.85413	19.536
0.085592	6.23721	19.5367
0.0892409	15.2429	19.5415
0.0872028	8.87924	19.5474
0.0853726	6.72691	19.5475
0.0871515	8.9345	19.5481
0.0889981	11.4731	19.5482
0.0852077	5.07358	19.5505
0.0893607	14.1142	19.5516
0.0892148	12.9046	19.552
0.0893126	15.4316	19.5587
0.0855191	6.206	19.5627
0.0895234	15.6431	19.5633
0.0889091	11.5286	19.5731
0.0892566	15.3852	19.5803
0.0875893	12.2901	19.5821
0.0893562	14.2733	19.5858
0.0891224	10.8265	19.5859
0.0870863	9.75556	19.5925
0.0871079	8.83184	19.5973
0.0894173	15.5592	19.5977
0.0851776	5.96644	19.6034
0.0872712	11.9192	19.6075
0.0872711	11.9189	19.6129
0.085596	8.41203	19.6209
0.0858484	8.60287	19.6212
0.0853476	6.69282	19.6292
0.0871858	8.91689	19.6302
0.08937	14.187	19.6305
0.0855042	6.86106	19.6334
0.0891266	12.8206	19.6438
0.0872054	9.88737	19.6478
0.0854276	6.85449	19.6525
0.0872256	9.74788	19.6538
0.0895817	14.4516	19.6582
0.0872199	8.95563	19.6617
0.0874911	11.0882	19.6642
0.0855497	6.23236	19.6683
0.0893679	14.8812	19.6687
0.0855496	6.23227	19.6695
0.0854996	6.90578	19.6764
0.087222	9.76088	19.6777
0.0872734	9.81567	19.6844
0.0870652	8.79635	19.687
0.0872177	9.85392	19.7022
0.0851496	5.96978	19.708
0.0872112	8.96298	19.7121
0.089336	14.1597	19.7121
0.0893362	14.16	19.7123
0.0894475	14.1658	19.7154
0.0857319	7.01874	19.7291
0.0871385	8.92255	19.7373
0.0853528	6.71141	19.744
0.0876743	13.3666	19.7466
0.0854594	6.79834	19.754
0.0857251	8.51411	19.761
0.0856819	7.72358	19.7625
0.0897035	15.9265	19.7634
0.0870561	8.80862	19.7717
0.085395	6.77495	19.7724
0.085395	6.77494	19.7746
0.0873906	10.9213	19.8063
0.085651	6.25117	19.8173
0.0875168	11.1864	19.8186
0.0841403	5.86337	19.8196
0.0892286	15.3703	19.8253
0.0875401	10.9413	19.8395
0.0853157	7.3829	19.8427
0.0857177	8.58381	19.8518
0.0840873	6.53091	19.8521
0.0854327	6.1124	19.8792
0.0873125	13.0274	19.8799
0.0854536	7.60837	19.8808
0.0870613	9.79136	19.8813
0.0870624	9.79266	19.8842
0.0841954	5.95434	19.8902
0.0854135	8.2832	19.8967
0.0853508	6.07619	19.903
0.0871624	8.89126	19.9062
0.0873461	13.0164	19.9158
0.0874349	12.0472	19.9189
0.0840603	5.41968	19.9199
0.089768	14.5842	19.9206
0.0855114	6.8162	19.9213
0.0841469	7.23717	19.9348
0.0838002	5.46034	19.9412
0.0842434	5.93411	19.948
0.0855767	8.43877	19.9525
0.0873878	12.082	19.9576
0.0856204	6.2832	19.9586
0.0874448	11.0	19.9607
0.0854407	7.39341	19.9621
0.0854881	8.1515	19.9792
0.0838938	5.69536	19.9798
0.0875984	13.1498	19.9943
0.0854325	8.2969	20.0136
0.0853379	7.44635	20.019
0.0873087	12.981	20.0199
0.08543	8.39374	20.0231
0.0872133	10.6878	20.0254
0.0875011	11.0793	20.0371
0.0871449	12.7532	20.0423
0.0856422	9.3041	20.0425
0.0873434	10.5681	20.044
0.0856838	10.2203	20.051
0.0856838	10.2203	20.0528
0.0852949	7.37994	20.0598
0.0872546	10.7682	20.0626
0.0856803	9.29284	20.0749
0.0853213	8.22803	20.0816
0.0872671	9.85735	20.0954
0.0837718	5.63895	20.0972
0.0837882	5.72735	20.1027
0.0836039	5.54863	20.1048
0.083395	5.46668	20.1089
0.0872441	11.7282	20.1212
0.0872699	10.8136	20.1221
0.0856659	9.33134	20.1231
0.0873012	10.793	20.1266
0.0874931	12.1217	20.1483
0.0874471	13.2471	20.1494
0.0871624	12.9818	20.1588
0.0840767	5.80556	20.1616
0.0857047	9.33163	20.1653
0.0837417	5.59593	20.1702
0.0854396	7.56357	20.1706
0.0841452	7.90689	20.176
0.0853244	7.46216	20.1762
0.0853267	7.46407	20.1764
0.0837059	5.6023	20.1789
0.0875874	13.3663	20.1814
0.0872774	13.0671	20.1867
0.0839288	7.0919	20.1886
0.0837037	6.23956	20.1901
0.0838031	5.6723	20.1909
0.0834261	5.40771	20.1914
0.0854967	8.26548	20.1996
0.0855633	9.17925	20.202
0.085563	9.17901	20.2038
0.085535	9.14518	20.2129
0.0840191	6.48882	20.2266
0.0836025	6.17015	20.2301
0.0839822	7.85868	20.237
0.085603	10.162	20.2396
0.0853302	8.16554	20.248
0.0853918	9.00193	20.2567
0.0841792	5.90647	20.2586
0.0837269	6.2638	20.26
0.0857049	9.35096	20.2695
0.0837865	5.69224	20.276
0.0858378	10.3881	20.2765
0.0874994	13.2331	20.2782
0.0874994	13.2331	20.2795
0.0872781	10.7807	20.283
0.0856656	10.2462	20.287
0.0876542	12.0687	20.293
0.0834758	5.53093	20.2964
0.0872852	11.8875	20.2982
0.083894	5.71477	20.3024
0.0841002	5.79312	20.3125
0.0839986	7.11457	20.3125
0.0857248	10.011	20.3194
0.0837772	5.70278	20.3235
0.0855777	10.8534	20.3252
0.0837772	5.70278	20.3274
0.083786	6.90121	20.3393
0.0853183	7.40836	20.3439
0.0834009	5.43696	20.3488
0.0873007	10.8523	20.3539
0.0854994	10.9181	20.3611
0.0833779	5.38988	20.3612
0.0857217	10.367	20.3662
0.0856223	11.188	20.3686
0.0840398	7.15304	20.3722
0.0874752	13.297	20.3786
0.085413	9.95557	20.382
0.082567	6.08108	20.3821
0.0837945	6.17216	20.3885
0.0872927	11.9006	20.3948
0.0824961	5.41644	20.3958
0.0838085	6.34377	20.4023
0.0840592	8.71978	20.4037
0.0837449	6.30128	20.4064
0.0842888	7.20939	20.4155
0.0840868	6.49187	20.4164
0.0854583	8.25754	20.4246
0.0854584	9.131	20.4268
0.0854629	10.9489	20.4326
0.0852706	9.83006	20.4345
0.0855818	10.1932	20.4354
0.0854062	9.05516	20.4383
0.0856458	9.32228	20.4388
0.0855297	10.1094	20.4428
0.0854379	9.08462	20.4438
0.0855574	10.203	20.449
0.0853557	7.47131	20.468
0.0852925	9.89976	20.4709
0.0839978	7.86171	20.4778
0.0840274	7.8912	20.4814
0.0853474	7.49233	20.4827
0.0834868	5.55354	20.4903
0.083892	8.61907	20.5022
0.0856669	11.1069	20.5131
0.0853759	9.17918	20.5139
0.0853669	6.04093	20.5186
0.0834615	5.49465	20.5221
0.0837186	6.28778	20.5283
0.082481	5.42631	20.5362
0.0837927	6.36146	20.5401
0.0855926	11.1592	20.5484
0.0840922	7.8933	20.5544
0.0858051	11.4315	20.5591
0.0821533	5.26208	20.5663
0.0836278	6.18708	20.5728
0.0821593	5.20433	20.579
0.0840183	7.85419	20.5807
0.0826857	6.76349	20.5818
0.0836763	7.59884	20.5883
0.082187	5.26386	20.5916
0.0821662	5.23763	20.6277
0.0858741	11.4209	20.6307
0.0837803	8.55721	20.6315
0.0841147	6.54119	20.6334
0.0853289	8.93178	20.6372
0.0837201	6.26461	20.638
0.0840068	7.10896	20.6408
0.083723	6.94799	20.6566
0.0837415	5.71918	20.6576
0.0822038	5.26838	20.6689
0.0822481	5.32241	20.689
0.0818955	5.05305	20.6913
0.0835583	5.51463	20.693
0.0825208	5.45071	20.7062
0.0823964	5.38195	20.7083
0.0838111	7.01178	20.7188
0.0824751	6.64316	20.7329
0.0835577	7.48798	20.7343
0.0838348	7.77511	20.7411
0.0824752	6.01305	20.7555
0.0835844	6.82916	20.757
0.0838343	9.45044	20.7665
0.0838366	9.45268	20.7688
0.0821776	5.28003	20.7705
0.0821776	5.28003	20.7712
0.0838712	7.03754	20.7712
0.0821561	5.22562	20.778
0.0821665	5.26596	20.7807
0.0824579	6.64853	20.7844
0.083911	8.63824	20.7851
0.0855033	11.0252	20.8036
0.0837975	7.02188	20.8088
0.0856339	11.2843	20.8146
0.0838674	8.54207	20.8158
0.0838132	6.67273	20.8176
0.083588	7.57372	20.8223
0.0854768	11.062	20.8292
0.0818525	5.05652	20.8348
0.0819037	5.09432	20.8372
0.0819179	5.12656	20.8411
0.0818707	5.06907	20.8417
0.0820994	6.3454	20.8523
0.0837412	6.91045	20.8539
0.0855562	11.1676	20.8595
0.0821733	5.23647	20.868
0.0820779	5.18751	20.8783
0.0840342	7.9182	20.8804
0.0839191	9.42461	20.8942
0.0837171	7.62153	20.8973
0.0821391	5.7291	20.8989
0.0853169	10.9273	20.9064
0.0853647	11.0238	20.9087
0.0817786	4.98022	20.9225
0.0835231	8.23551	20.9251
0.0836847	7.60084	20.9289
0.0835951	7.52669	20.937
0.0822363	5.86239	20.9476
0.0818196	4.99443	20.9492
0.0938751	9.73388	20.9667
0.082149	5.79607	20.9686
0.0835629	9.17614	20.9885
0.0836515	8.49553	20.9932
0.0836444	8.49155	20.9993
0.0809316	5.50939	21.0014
0.0839561	8.64519	21.0125
0.0810199	5.06698	21.0161
0.0839919	9.61383	21.0316
0.079273	4.53685	21.0477
0.0821791	5.25321	21.0522
0.0818632	5.09359	21.0595
0.082043	5.76592	21.0613
0.0818852	5.08198	21.0814
0.0819286	6.2679	21.0839
0.0837759	9.42536	21.127
0.0836002	8.36606	21.1279
0.0823907	5.97664	21.1303
0.0824464	7.33171	21.1341
0.0809336	5.00978	21.1353
0.0821052	5.81201	21.1354
0.0821894	5.47681	21.1356
0.0820444	5.77562	21.1372
0.0838441	7.52342	21.1383
0.0820444	5.77564	21.1399
0.0809411	5.55196	21.1445
0.0806906	4.86021	21.1589
0.0836225	8.41522	21.1631
0.0824666	5.97889	21.1846
0.0838057	9.46885	21.1936
0.0837301	9.36881	21.2203
0.0822741	7.22242	21.2259
0.0810203	5.04677	21.2262
0.0820105	6.33483	21.2266
0.0820407	6.36644	21.2421
0.0808956	5.53585	21.2421
0.0839569	9.5611	21.2498
0.083564	8.26038	21.2661
0.0809288	5.53349	21.2955
0.0819525	7.04521	21.3174
0.082299	6.58824	21.3205
0.0819345	6.2734	21.3304
0.0836174	8.35382	21.3318
0.0822658	7.22956	21.3371
0.082093	6.45208	21.3557
0.0820926	6.45179	21.3562
0.0823331	7.26076	21.3658
0.0820751	5.75122	21.3691
0.0838149	9.46296	21.3772
0.0807957	6.08286	21.4033
0.0807801	4.91391	21.4065
0.0806012	4.84283	21.4327
0.0828219	6.02175	21.45
0.0824531	7.39124	21.4649
0.0821412	7.92985	21.4702
0.0820659	6.3745	21.4782
0.0807002	4.87083	21.4813
0.0819162	6.96232	21.4917
0.0822864	7.27084	21.4991
0.0821988	7.95022	21.5068
0.0807271	6.72895	21.5139
0.0818406	6.93814	21.5222
0.0836125	9.23635	21.5236
0.0807572	4.923	21.5294
0.0807091	5.39877	21.5321
0.0807746	4.9342	21.5412
0.0807908	5.48402	21.5518
0.0820378	6.98362	21.5698
0.0837359	9.37049	21.5746
0.0836012	8.29479	21.5778
0.0819739	7.0368	21.5835
0.080728	4.88581	21.5881
0.081984	7.02307	21.5925
0.0820469	7.06972	21.6078
0.082008	8.13824	21.6181
0.0820795	7.88051	21.6233
0.0819182	6.31535	21.6243
0.0819488	7.04318	21.6336
0.0822609	6.56261	21.6383
0.080641	4.85016	21.6464
0.080576	4.68069	21.648
0.0803329	4.53506	21.6724
0.0818978	7.72112	21.6774
0.0808628	4.95881	21.6819
0.0805927	6.64388	21.6946
0.080598	6.65331	21.6947
0.0807625	6.73536	21.6947
0.0806121	4.86779	21.6985
0.0805902	5.9667	21.7001
0.0802857	4.67065	21.7005
0.080499	4.74996	21.7549
0.0802875	4.65665	21.7601
0.0805115	5.94345	21.7687
0.0802729	4.66361	21.7694
0.0802794	4.6555	21.7809
0.0820211	7.85374	21.7907
0.080423	4.71428	21.7918
0.08211	7.87205	21.7926
0.0819497	7.68637	21.7938
0.0804541	5.85015	21.8029
0.0802709	4.63023	21.809
0.0817952	7.6789	21.8127
0.0806288	5.37738	21.8145
0.0806683	5.39203	21.8185
0.0821583	7.93166	21.82
0.0806433	4.88594	21.8227
0.0805862	4.81044	21.8363
0.0791778	4.43573	21.8384
0.0802823	4.59763	21.8476
0.0819334	7.75631	21.8554
0.0835197	9.1288	21.8588
0.0805824	5.98262	21.8613
0.0805824	5.98262	21.8623
0.0805859	5.38421	21.8735
0.0807018	5.36225	21.8744
0.0794306	4.61293	21.8882
0.0806679	6.03429	21.9256
0.0806122	5.36696	21.9276
0.0805459	6.60729	21.9279
0.0820473	7.89	21.9289
0.0819189	7.83706	21.9513
0.0806136	5.38851	21.9531
0.0805635	5.29232	21.9569
0.0805491	5.30046	21.9583
0.0791664	4.44984	21.9595
0.0819647	7.87698	21.961
0.0805568	6.62117	21.9813
0.0900975	8.69783	21.9836
0.0803598	5.82288	21.9845
0.0792183	4.81609	21.9996
0.0793458	5.07065	22.0033
0.079451	4.61907	22.0116
0.0791861	4.47203	22.0185
0.0788008	4.21916	22.0359
0.0803918	5.84363	22.0572
0.0790037	4.33889	22.0823
0.0793866	5.68803	22.0886
0.080695	6.04139	22.1143
0.0790022	4.38268	22.1287
0.0808214	4.96938	22.1328
0.0805296	6.64008	22.1424
0.0805838	6.0177	22.1485
0.0791089	4.43194	22.1716
0.0804883	5.93178	22.173
0.0802174	4.59985	22.2001
0.079475	4.63853	22.205
0.0794666	4.6369	22.2115
0.0794582	4.64791	22.2151
0.080274	6.48409	22.2205
0.078795	4.29443	22.2278
0.0803947	5.83798	22.2362
0.0790753	4.43698	22.254
0.0804079	6.56997	22.2625
0.0804079	6.56997	22.264
0.0787309	4.16484	22.2856
0.0790679	4.43153	22.3002
0.0790277	4.43232	22.3022
0.0790209	4.36197	22.3421
0.079145	4.97404	22.3444
0.0792748	5.07111	22.3728
0.0786871	4.22612	22.383
0.0787507	4.22212	22.3939
0.0787482	4.26876	22.3986
0.0789809	4.839	22.4019
0.0790047	4.40442	22.4238
0.078899	4.86765	22.4484
0.0788923	4.86076	22.4582
0.079227	5.61865	22.4751
0.0788226	4.29145	22.4949
0.0786759	4.21796	22.5181
0.077629	4.09229	22.5365
0.0777036	4.13407	22.5488
0.0803298	6.45527	22.5642
0.0786805	4.26436	22.5732
0.0789726	5.47579	22.5767
0.0802733	6.40548	22.6122
0.0779043	4.24347	22.6164
0.0793096	5.09701	22.6204
0.0790122	4.39135	22.6247
0.0788889	5.47042	22.6248
0.0790001	4.41372	22.632
0.0778801	4.20225	22.6424
0.0775651	4.56048	22.682
0.0774488	3.99827	22.7019
0.0802603	6.46083	22.7047
0.0790522	4.97722	22.7062
0.0801022	6.36181	22.7177
0.0787658	5.34296	22.8088
0.0788325	4.81661	22.8493
0.0789477	4.90441	22.8542
0.0789128	5.47446	22.8544
0.078882	4.8365	22.8567
0.0787987	5.40926	22.8671
0.0788065	5.415	22.8694
0.077546	4.0957	22.906
0.0789403	4.86961	22.9282
0.0786677	5.33139	22.9589
0.0788507	5.45512	22.965
0.0786386	5.30953	22.9657
0.0786728	5.29625	22.9706
0.0786923	4.67826	22.991
0.0776077	4.07108	22.9921
0.0776364	4.5895	22.9965
0.0809283	6.10675	23.0599
0.0772636	3.94009	23.087
0.077374	3.97668	23.0906
0.0772654	3.93606	23.1039
0.0787381	5.35636	23.1141
0.0775078	4.05829	23.1226
0.0788426	4.84812	23.1305
0.077535	4.55124	23.1574
0.0775471	4.06759	23.1649
0.077503	4.05215	23.1788
0.0775765	4.08319	23.1964
0.0773629	4.49475	23.2242
0.0760071	3.67574	23.2372
0.0772478	3.90857	23.2487
0.0772478	3.90857	23.2491
0.0771643	3.88558	23.2885
0.0773118	4.45064	23.2966
0.0773086	4.44949	23.2976
0.0762281	3.81386	23.3001
0.0774469	3.91958	23.3657
0.0778753	4.22613	23.3846
0.0773241	4.45832	23.3885
0.0773876	4.54229	23.4075
0.077325	4.44719	23.4155
0.0772951	3.97132	23.4316
0.0773786	4.49094	23.4349
0.0761893	3.78739	23.5064
0.0771367	3.86086	23.5678
0.0762437	3.81574	23.5934
0.0773396	4.49818	23.6263
0.077159	4.36363	23.627
0.076246	3.82234	23.6389
0.076002	3.72766	23.6526
0.0773898	3.96292	23.6671
0.0760408	3.72629	23.67
0.0757672	3.55953	23.6861
0.0770461	3.84764	23.6922
0.0759704	3.67588	23.7142
0.0771828	4.39852	23.7174
0.0772847	3.97852	23.766
0.0772992	4.4374	23.7676
0.0760636	3.7317	23.7919
0.0760635	3.73167	23.7949
0.0756682	3.53766	23.8007
0.0757987	3.59494	23.8186
0.0757762	3.57941	23.8777
0.0757918	3.58245	23.896
0.077384	4.0041	23.8985
0.077119	3.86272	23.9796
0.077	3.81245	23.9937
0.0759088	3.6135	23.9964
0.0759088	3.6135	23.9969
0.0760317	3.72156	24.0022
0.0759161	3.68787	24.0642
0.0756076	3.51095	24.0739
0.0759128	3.64052	24.2424
0.0760684	3.73932	24.2839
0.0756186	3.54052	24.3502
0.075828	3.64626	24.3607
0.0758091	3.63151	24.3965
0.077069	3.84759	24.443
0.0755121	3.49356	24.6092
0.075862	3.65461	24.7142
0.0756056	3.52377	24.7357
0.251957	43.5095	28.0872
0.0517399	0.104533	35.9371
0.272276	49.9429	49.6241
