Rc Rg Za current
7.0 1.98 7.0 1671.3552
7.0 1.98 7.5 1260.1831
7.0 1.98 8.0 985.1819
7.0 1.98 8.5 793.0832
7.0 1.98 9.0 651.4083
7.0 1.98 9.5 548.7182
7.0 1.98 10.0 471.0302
7.0 1.98 10.5 409.8478
7.0 1.98 11.0 361.3042
7.0 2.08 7.0 1736.221
7.0 2.08 7.5 1313.4223
7.0 2.08 8.0 1028.4863
7.0 2.08 8.5 829.5714
7.0 2.08 9.0 683.2225
7.0 2.08 9.5 575.3782
7.0 2.08 10.0 494.6491
7.0 2.08 10.5 430.6724
7.0 2.08 11.0 379.5303
7.0 2.18 7.0 1802.2324
7.0 2.18 7.5 1364.9447
7.0 2.18 8.0 1072.4692
7.0 2.18 8.5 866.654
7.0 2.18 9.0 713.7076
7.0 2.18 9.5 601.0779
7.0 2.18 10.0 516.3202
7.0 2.18 10.5 449.4737
7.0 2.18 11.0 397.6931
7.0 2.28 7.0 1868.2441
7.0 2.28 7.5 1419.6815
7.0 2.28 8.0 1117.0175
7.0 2.28 8.5 903.4254
7.0 2.28 9.0 744.7605
7.0 2.28 9.5 628.4251
7.0 2.28 10.0 539.7042
7.0 2.28 10.5 469.9712
7.0 2.28 11.0 414.7362
7.0 2.38 7.0 1936.1455
7.0 2.38 7.5 1473.7163
7.0 2.38 8.0 1161.0624
7.0 2.38 8.5 940.7555
7.0 2.38 9.0 780.759
7.0 2.38 9.5 656.9453
7.0 2.38 10.0 564.4815
7.0 2.38 10.5 491.8912
7.0 2.38 11.0 433.4467
7.0 2.48 7.0 2001.7596
7.0 2.48 7.5 1529.0399
7.0 2.48 8.0 1207.2048
7.0 2.48 8.5 979.7741
7.0 2.48 9.0 808.8788
7.0 2.48 9.5 683.862
7.0 2.48 10.0 588.4661
7.0 2.48 10.5 512.7685
7.0 2.48 11.0 452.1158
7.0 2.58 7.0 2073.4278
7.0 2.58 7.5 1585.5869
7.0 2.58 8.0 1253.4809
7.0 2.58 8.5 1018.3189
7.0 2.58 9.0 841.8825
7.0 2.58 9.5 712.6428
7.0 2.58 10.0 612.8227
7.0 2.58 10.5 533.9141
7.0 2.58 11.0 470.8146
7.0 2.68 7.0 2144.7768
7.0 2.68 7.5 1642.553
7.0 2.68 8.0 1300.4268
7.0 2.68 8.5 1058.3346
7.0 2.68 9.0 879.7494
7.0 2.68 9.5 741.4793
7.0 2.68 10.0 638.0073
7.0 2.68 10.5 556.4757
7.0 2.68 11.0 490.555
7.0 2.78 7.0 2215.2876
7.0 2.78 7.5 1699.6508
7.0 2.78 8.0 1347.5764
7.0 2.78 8.5 1097.6691
7.0 2.78 9.0 909.6296
7.0 2.78 9.5 770.9792
7.0 2.78 10.0 663.3353
7.0 2.78 10.5 578.3319
7.0 2.78 11.0 510.0888
7.0 2.88 7.0 2286.0835
7.0 2.88 7.5 1757.4662
7.0 2.88 8.0 1396.0409
7.0 2.88 8.5 1136.1147
7.0 2.88 9.0 947.1843
7.0 2.88 9.5 798.4983
7.0 2.88 10.0 687.7363
7.0 2.88 10.5 600.0243
7.0 2.88 11.0 529.3673
7.0 2.98 7.0 2356.946
7.0 2.98 7.5 1815.5643
7.0 2.98 8.0 1443.8367
7.0 2.98 8.5 1177.9749
7.0 2.98 9.0 977.3563
7.0 2.98 9.5 828.567
7.0 2.98 10.0 713.9491
7.0 2.98 10.5 622.412
7.0 2.98 11.0 549.082
7.0 3.08 7.0 2431.4306
7.0 3.08 7.5 1873.7768
7.0 3.08 8.0 1492.153
7.0 3.08 8.5 1218.8037
7.0 3.08 9.0 1011.9565
7.0 3.08 9.5 858.712
7.0 3.08 10.0 739.8878
7.0 3.08 10.5 645.6173
7.0 3.08 11.0 569.5811
7.0 3.18 7.0 2504.2998
7.0 3.18 7.5 1934.0665
7.0 3.18 8.0 1541.9996
7.0 3.18 8.5 1260.2382
7.0 3.18 9.0 1047.0391
7.0 3.18 9.5 890.3531
7.0 3.18 10.0 767.4172
7.0 3.18 10.5 669.3617
7.0 3.18 11.0 590.659
7.0 3.28 7.0 2580.805
7.0 3.28 7.5 1993.6774
7.0 3.28 8.0 1591.9029
7.0 3.28 8.5 1294.3361
7.0 3.28 9.0 1083.2035
7.0 3.28 9.5 920.0811
7.0 3.28 10.0 793.4535
7.0 3.28 10.5 692.7425
7.0 3.28 11.0 611.2999
7.0 3.38 7.0 2654.5103
7.0 3.38 7.5 2051.8104
7.0 3.38 8.0 1640.2293
7.0 3.38 8.5 1338.0409
7.0 3.38 9.0 1121.4252
7.0 3.38 9.5 951.8023
7.0 3.38 10.0 820.9892
7.0 3.38 10.5 716.8867
7.0 3.38 11.0 632.3006
7.0 3.48 7.0 2732.6452
7.0 3.48 7.5 2116.5882
7.0 3.48 8.0 1692.6737
7.0 3.48 8.5 1388.1711
7.0 3.48 9.0 1154.2676
7.0 3.48 9.5 984.2061
7.0 3.48 10.0 847.1914
7.0 3.48 10.5 740.3874
7.0 3.48 11.0 654.4559
7.0 3.58 7.0 2806.8113
7.0 3.58 7.5 2177.9452
7.0 3.58 8.0 1744.4215
7.0 3.58 8.5 1430.9237
7.0 3.58 9.0 1189.6055
7.0 3.58 9.5 1014.4333
7.0 3.58 10.0 873.5482
7.0 3.58 10.5 763.7421
7.0 3.58 11.0 674.175
7.0 3.68 7.0 2884.2392
7.0 3.68 7.5 2240.6742
7.0 3.68 8.0 1796.2409
7.0 3.68 8.5 1463.2837
7.0 3.68 9.0 1225.6013
7.0 3.68 9.5 1044.1955
7.0 3.68 10.0 901.9268
7.0 3.68 10.5 787.8849
7.0 3.68 11.0 696.1077
7.0 3.78 7.0 2964.41
7.0 3.78 7.5 2305.1876
7.0 3.78 8.0 1848.7143
7.0 3.78 8.5 1518.9874
7.0 3.78 9.0 1265.2918
7.0 3.78 9.5 1078.6171
7.0 3.78 10.0 931.777
7.0 3.78 10.5 813.5551
7.0 3.78 11.0 718.5548
7.0 3.88 7.0 3044.0071
7.0 3.88 7.5 2369.5741
7.0 3.88 8.0 1901.7609
7.0 3.88 8.5 1563.932
7.0 3.88 9.0 1305.311
7.0 3.88 9.5 1109.8083
7.0 3.88 10.0 958.859
7.0 3.88 10.5 837.9969
7.0 3.88 11.0 739.7774
7.0 3.98 7.0 3123.2718
7.0 3.98 7.5 2433.5348
7.0 3.98 8.0 1955.1924
7.0 3.98 8.5 1598.24
7.0 3.98 9.0 1340.7895
7.0 3.98 9.5 1143.0727
7.0 3.98 10.0 987.4663
7.0 3.98 10.5 863.307
7.0 3.98 11.0 762.3734
7.2 1.98 7.0 1663.1137
7.2 1.98 7.5 1255.7879
7.2 1.98 8.0 981.886
7.2 1.98 8.5 791.2755
7.2 1.98 9.0 651.0132
7.2 1.98 9.5 548.62
7.2 1.98 10.0 470.658
7.2 1.98 10.5 409.7412
7.2 1.98 11.0 360.9036
7.2 2.08 7.0 1729.1691
7.2 2.08 7.5 1308.6456
7.2 2.08 8.0 1025.6868
7.2 2.08 8.5 827.5975
7.2 2.08 9.0 680.9286
7.2 2.08 9.5 574.602
7.2 2.08 10.0 493.6126
7.2 2.08 10.5 429.7345
7.2 2.08 11.0 378.8728
7.2 2.18 7.0 1794.175
7.2 2.18 7.5 1360.7005
7.2 2.18 8.0 1068.9063
7.2 2.18 8.5 864.3307
7.2 2.18 9.0 711.682
7.2 2.18 9.5 600.305
7.2 2.18 10.0 515.5693
7.2 2.18 10.5 449.0139
7.2 2.18 11.0 396.4392
7.2 2.28 7.0 1859.5599
7.2 2.28 7.5 1414.3874
7.2 2.28 8.0 1113.0207
7.2 2.28 8.5 900.9685
7.2 2.28 9.0 743.4371
7.2 2.28 9.5 627.1591
7.2 2.28 10.0 538.8394
7.2 2.28 10.5 469.2396
7.2 2.28 11.0 414.0015
7.2 2.38 7.0 1928.1709
7.2 2.38 7.5 1468.3228
7.2 2.38 8.0 1157.9615
7.2 2.38 8.5 938.4326
7.2 2.38 9.0 778.722
7.2 2.38 9.5 656.3013
7.2 2.38 10.0 563.7353
7.2 2.38 10.5 491.3242
7.2 2.38 11.0 433.2078
7.2 2.48 7.0 1995.6651
7.2 2.48 7.5 1523.8667
7.2 2.48 8.0 1203.5955
7.2 2.48 8.5 976.8039
7.2 2.48 9.0 807.1019
7.2 2.48 9.5 682.4298
7.2 2.48 10.0 587.4562
7.2 2.48 10.5 511.7232
7.2 2.48 11.0 451.1362
7.2 2.58 7.0 2064.8234
7.2 2.58 7.5 1579.6711
7.2 2.58 8.0 1249.5651
7.2 2.58 8.5 1015.3228
7.2 2.58 9.0 839.989
7.2 2.58 9.5 710.3064
7.2 2.58 10.0 611.5555
7.2 2.58 10.5 533.2866
7.2 2.58 11.0 469.7569
7.2 2.68 7.0 2134.8429
7.2 2.68 7.5 1636.1329
7.2 2.68 8.0 1296.6762
7.2 2.68 8.5 1055.2308
7.2 2.68 9.0 876.7418
7.2 2.68 9.5 739.7669
7.2 2.68 10.0 636.517
7.2 2.68 10.5 554.8905
7.2 2.68 11.0 489.4321
7.2 2.78 7.0 2206.6875
7.2 2.78 7.5 1693.3157
7.2 2.78 8.0 1343.8436
7.2 2.78 8.5 1095.0082
7.2 2.78 9.0 907.6789
7.2 2.78 9.5 769.7911
7.2 2.78 10.0 662.6551
7.2 2.78 10.5 577.9597
7.2 2.78 11.0 509.9197
7.2 2.88 7.0 2278.9571
7.2 2.88 7.5 1751.4389
7.2 2.88 8.0 1391.5903
7.2 2.88 8.5 1133.557
7.2 2.88 9.0 938.4853
7.2 2.88 9.5 796.7347
7.2 2.88 10.0 686.7062
7.2 2.88 10.5 599.2046
7.2 2.88 11.0 528.6243
7.2 2.98 7.0 2348.4531
7.2 2.98 7.5 1809.3286
7.2 2.98 8.0 1439.2352
7.2 2.98 8.5 1174.9657
7.2 2.98 9.0 974.3291
7.2 2.98 9.5 826.7983
7.2 2.98 10.0 712.5754
7.2 2.98 10.5 621.4071
7.2 2.98 11.0 548.4485
7.2 3.08 7.0 2422.548
7.2 3.08 7.5 1867.7078
7.2 3.08 8.0 1487.7183
7.2 3.08 8.5 1215.1643
7.2 3.08 9.0 1009.4273
7.2 3.08 9.5 856.7403
7.2 3.08 10.0 738.4324
7.2 3.08 10.5 644.4477
7.2 3.08 11.0 568.5018
7.2 3.18 7.0 2493.6471
7.2 3.18 7.5 1928.3653
7.2 3.18 8.0 1537.8984
7.2 3.18 8.5 1257.0161
7.2 3.18 9.0 1045.1359
7.2 3.18 9.5 888.7524
7.2 3.18 10.0 766.3939
7.2 3.18 10.5 668.5152
7.2 3.18 11.0 590.1203
7.2 3.28 7.0 2571.0473
7.2 3.28 7.5 1987.1455
7.2 3.28 8.0 1586.9524
7.2 3.28 8.5 1290.761
7.2 3.28 9.0 1080.5715
7.2 3.28 9.5 917.9178
7.2 3.28 10.0 791.6143
7.2 3.28 10.5 691.2357
7.2 3.28 11.0 610.0436
7.2 3.38 7.0 2645.2822
7.2 3.38 7.5 2046.8357
7.2 3.38 8.0 1636.5751
7.2 3.38 8.5 1334.462
7.2 3.38 9.0 1118.9891
7.2 3.38 9.5 949.5108
7.2 3.38 10.0 819.0316
7.2 3.38 10.5 715.1984
7.2 3.38 11.0 631.4051
7.2 3.48 7.0 2722.0668
7.2 3.48 7.5 2111.0564
7.2 3.48 8.0 1688.0663
7.2 3.48 8.5 1384.607
7.2 3.48 9.0 1152.2842
7.2 3.48 9.5 982.3646
7.2 3.48 10.0 845.8703
7.2 3.48 10.5 739.4151
7.2 3.48 11.0 653.4906
7.2 3.58 7.0 2797.6153
7.2 3.58 7.5 2169.9878
7.2 3.58 8.0 1727.7751
7.2 3.58 8.5 1427.164
7.2 3.58 9.0 1186.8327
7.2 3.58 9.5 1012.8582
7.2 3.58 10.0 872.0051
7.2 3.58 10.5 763.4112
7.2 3.58 11.0 673.8569
7.2 3.68 7.0 2875.1029
7.2 3.68 7.5 2234.7928
7.2 3.68 8.0 1791.8116
7.2 3.68 8.5 1459.9548
7.2 3.68 9.0 1223.4705
7.2 3.68 9.5 1042.68
7.2 3.68 10.0 900.4661
7.2 3.68 10.5 786.756
7.2 3.68 11.0 694.9797
7.2 3.78 7.0 2955.6039
7.2 3.78 7.5 2298.2453
7.2 3.78 8.0 1843.5881
7.2 3.78 8.5 1505.0874
7.2 3.78 9.0 1262.1211
7.2 3.78 9.5 1075.6311
7.2 3.78 10.0 928.9431
7.2 3.78 10.5 811.673
7.2 3.78 11.0 716.7674
7.2 3.88 7.0 3033.7519
7.2 3.88 7.5 2361.7266
7.2 3.88 8.0 1897.0867
7.2 3.88 8.5 1552.0662
7.2 3.88 9.0 1302.0695
7.2 3.88 9.5 1107.7522
7.2 3.88 10.0 957.585
7.2 3.88 10.5 836.6258
7.2 3.88 11.0 738.614
7.2 3.98 7.0 3112.277
7.2 3.98 7.5 2426.6343
7.2 3.98 8.0 1950.2092
7.2 3.98 8.5 1593.068
7.2 3.98 9.0 1337.0877
7.2 3.98 9.5 1141.3162
7.2 3.98 10.0 986.0094
7.2 3.98 10.5 861.2018
7.2 3.98 11.0 760.6544
7.4 1.98 7.0 1657.4882
7.4 1.98 7.5 1251.7975
7.4 1.98 8.0 979.0349
7.4 1.98 8.5 789.349
7.4 1.98 9.0 649.6497
7.4 1.98 9.5 547.3799
7.4 1.98 10.0 469.9063
7.4 1.98 10.5 409.049
7.4 1.98 11.0 360.36
7.4 2.08 7.0 1722.5649
7.4 2.08 7.5 1304.0781
7.4 2.08 8.0 1022.4801
7.4 2.08 8.5 825.4058
7.4 2.08 9.0 679.9175
7.4 2.08 9.5 572.9215
7.4 2.08 10.0 492.5258
7.4 2.08 10.5 428.89
7.4 2.08 11.0 377.9711
7.4 2.18 7.0 1786.5271
7.4 2.18 7.5 1356.0674
7.4 2.18 8.0 1066.2611
7.4 2.18 8.5 862.2311
7.4 2.18 9.0 709.907
7.4 2.18 9.5 599.3647
7.4 2.18 10.0 514.5721
7.4 2.18 10.5 448.2779
7.4 2.18 11.0 395.3933
7.4 2.28 7.0 1853.4982
7.4 2.28 7.5 1410.2105
7.4 2.28 8.0 1110.8569
7.4 2.28 8.5 898.9576
7.4 2.28 9.0 741.8211
7.4 2.28 9.5 625.9315
7.4 2.28 10.0 537.9652
7.4 2.28 10.5 468.6362
7.4 2.28 11.0 413.4156
7.4 2.38 7.0 1921.3642
7.4 2.38 7.5 1464.0252
7.4 2.38 8.0 1155.3504
7.4 2.38 8.5 936.7157
7.4 2.38 9.0 777.3988
7.4 2.38 9.5 654.52
7.4 2.38 10.0 562.4643
7.4 2.38 10.5 490.2773
7.4 2.38 11.0 432.1231
7.4 2.48 7.0 1988.5183
7.4 2.48 7.5 1518.4239
7.4 2.48 8.0 1200.3887
7.4 2.48 8.5 974.2224
7.4 2.48 9.0 805.0828
7.4 2.48 9.5 681.1274
7.4 2.48 10.0 585.9158
7.4 2.48 10.5 510.7016
7.4 2.48 11.0 450.4116
7.4 2.58 7.0 2058.4643
7.4 2.58 7.5 1575.2052
7.4 2.58 8.0 1246.3083
7.4 2.58 8.5 1012.512
7.4 2.58 9.0 837.204
7.4 2.58 9.5 709.4597
7.4 2.58 10.0 609.4609
7.4 2.58 10.5 531.3923
7.4 2.58 11.0 469.3835
7.4 2.68 7.0 2128.16
7.4 2.68 7.5 1631.0815
7.4 2.68 8.0 1292.825
7.4 2.68 8.5 1052.5049
7.4 2.68 9.0 874.9776
7.4 2.68 9.5 738.0375
7.4 2.68 10.0 635.1866
7.4 2.68 10.5 553.8948
7.4 2.68 11.0 488.8577
7.4 2.78 7.0 2197.1008
7.4 2.78 7.5 1687.7644
7.4 2.78 8.0 1339.9367
7.4 2.78 8.5 1092.0934
7.4 2.78 9.0 905.8042
7.4 2.78 9.5 766.8754
7.4 2.78 10.0 660.405
7.4 2.78 10.5 576.1011
7.4 2.78 11.0 508.2523
7.4 2.88 7.0 2269.1528
7.4 2.88 7.5 1746.1516
7.4 2.88 8.0 1388.1912
7.4 2.88 8.5 1129.8424
7.4 2.88 9.0 943.3031
7.4 2.88 9.5 795.561
7.4 2.88 10.0 685.4805
7.4 2.88 10.5 598.2104
7.4 2.88 11.0 527.7169
7.4 2.98 7.0 2341.35
7.4 2.98 7.5 1804.6186
7.4 2.98 8.0 1435.4755
7.4 2.98 8.5 1172.1761
7.4 2.98 9.0 972.1705
7.4 2.98 9.5 825.1296
7.4 2.98 10.0 711.2767
7.4 2.98 10.5 620.3958
7.4 2.98 11.0 547.3631
7.4 3.08 7.0 2413.3048
7.4 3.08 7.5 1861.6963
7.4 3.08 8.0 1483.7465
7.4 3.08 8.5 1212.8037
7.4 3.08 9.0 1007.1029
7.4 3.08 9.5 854.9692
7.4 3.08 10.0 736.8588
7.4 3.08 10.5 643.5209
7.4 3.08 11.0 567.663
7.4 3.18 7.0 2487.1893
7.4 3.18 7.5 1921.9732
7.4 3.18 8.0 1533.5074
7.4 3.18 8.5 1254.1046
7.4 3.18 9.0 1040.6461
7.4 3.18 9.5 886.9911
7.4 3.18 10.0 764.9136
7.4 3.18 10.5 666.1036
7.4 3.18 11.0 587.9423
7.4 3.28 7.0 2561.6629
7.4 3.28 7.5 1980.3525
7.4 3.28 8.0 1583.2409
7.4 3.28 8.5 1295.0456
7.4 3.28 9.0 1078.1033
7.4 3.28 9.5 916.0189
7.4 3.28 10.0 790.2605
7.4 3.28 10.5 690.1487
7.4 3.28 11.0 609.2256
7.4 3.38 7.0 2636.2768
7.4 3.38 7.5 2040.7666
7.4 3.38 8.0 1632.8931
7.4 3.38 8.5 1331.3291
7.4 3.38 9.0 1113.1273
7.4 3.38 9.5 947.616
7.4 3.38 10.0 817.6621
7.4 3.38 10.5 713.9955
7.4 3.38 11.0 630.5419
7.4 3.48 7.0 2713.0154
7.4 3.48 7.5 2105.0056
7.4 3.48 8.0 1684.8006
7.4 3.48 8.5 1381.317
7.4 3.48 9.0 1148.4683
7.4 3.48 9.5 979.9103
7.4 3.48 10.0 843.7869
7.4 3.48 10.5 737.778
7.4 3.48 11.0 651.9871
7.4 3.58 7.0 2787.4743
7.4 3.58 7.5 2164.8545
7.4 3.58 8.0 1723.0805
7.4 3.58 8.5 1413.5324
7.4 3.58 9.0 1184.2364
7.4 3.58 9.5 1011.9017
7.4 3.58 10.0 870.3188
7.4 3.58 10.5 760.8768
7.4 3.58 11.0 672.7529
7.4 3.68 7.0 2865.1794
7.4 3.68 7.5 2227.832
7.4 3.68 8.0 1786.9571
7.4 3.68 8.5 1456.3901
7.4 3.68 9.0 1220.9659
7.4 3.68 9.5 1040.5334
7.4 3.68 10.0 898.7831
7.4 3.68 10.5 785.371
7.4 3.68 11.0 693.8878
7.4 3.78 7.0 2944.1022
7.4 3.78 7.5 2291.8067
7.4 3.78 8.0 1839.3176
7.4 3.78 8.5 1500.885
7.4 3.78 9.0 1258.8491
7.4 3.78 9.5 1073.0858
7.4 3.78 10.0 926.6808
7.4 3.78 10.5 809.6272
7.4 3.78 11.0 715.1138
7.4 3.88 7.0 3024.2829
7.4 3.88 7.5 2355.9134
7.4 3.88 8.0 1892.4763
7.4 3.88 8.5 1548.554
7.4 3.88 9.0 1299.5541
7.4 3.88 9.5 1105.5348
7.4 3.88 10.0 955.3908
7.4 3.88 10.5 835.2093
7.4 3.88 11.0 737.3212
7.4 3.98 7.0 3102.1252
7.4 3.98 7.5 2419.8322
7.4 3.98 8.0 1945.4593
7.4 3.98 8.5 1589.3838
7.4 3.98 9.0 1334.3353
7.4 3.98 9.5 1139.0478
7.4 3.98 10.0 984.221
7.4 3.98 10.5 859.2661
7.4 3.98 11.0 759.024
7.6 1.98 7.0 1651.8361
7.6 1.98 7.5 1248.3511
7.6 1.98 8.0 976.6024
7.6 1.98 8.5 787.2714
7.6 1.98 9.0 647.451
7.6 1.98 9.5 547.0675
7.6 1.98 10.0 468.8531
7.6 1.98 10.5 408.1923
7.6 1.98 11.0 359.7074
7.6 2.08 7.0 1715.4022
7.6 2.08 7.5 1300.3223
7.6 2.08 8.0 1020.3121
7.6 2.08 8.5 823.6858
7.6 2.08 9.0 677.9381
7.6 2.08 9.5 572.1486
7.6 2.08 10.0 491.4032
7.6 2.08 10.5 428.0947
7.6 2.08 11.0 377.4267
7.6 2.18 7.0 1782.1133
7.6 2.18 7.5 1352.0054
7.6 2.18 8.0 1063.4385
7.6 2.18 8.5 860.5226
7.6 2.18 9.0 709.2937
7.6 2.18 9.5 599.4329
7.6 2.18 10.0 514.5428
7.6 2.18 10.5 448.3139
7.6 2.18 11.0 395.2912
7.6 2.28 7.0 1846.6563
7.6 2.28 7.5 1403.7164
7.6 2.28 8.0 1107.9264
7.6 2.28 8.5 896.9205
7.6 2.28 9.0 740.6182
7.6 2.28 9.5 624.8228
7.6 2.28 10.0 537.1522
7.6 2.28 10.5 467.8388
7.6 2.28 11.0 412.413
7.6 2.38 7.0 1914.8325
7.6 2.38 7.5 1459.638
7.6 2.38 8.0 1151.8544
7.6 2.38 8.5 934.0612
7.6 2.38 9.0 775.8197
7.6 2.38 9.5 652.7778
7.6 2.38 10.0 561.5173
7.6 2.38 10.5 489.448
7.6 2.38 11.0 431.4404
7.6 2.48 7.0 1982.0431
7.6 2.48 7.5 1514.7873
7.6 2.48 8.0 1197.1725
7.6 2.48 8.5 972.4194
7.6 2.48 9.0 804.3336
7.6 2.48 9.5 679.5553
7.6 2.48 10.0 585.0156
7.6 2.48 10.5 509.7734
7.6 2.48 11.0 449.7108
7.6 2.58 7.0 2050.1678
7.6 2.58 7.5 1570.2435
7.6 2.58 8.0 1242.9274
7.6 2.58 8.5 1010.4267
7.6 2.58 9.0 839.4104
7.6 2.58 9.5 706.2788
7.6 2.58 10.0 607.9672
7.6 2.58 10.5 530.2704
7.6 2.58 11.0 467.5749
7.6 2.68 7.0 2120.2852
7.6 2.68 7.5 1626.1162
7.6 2.68 8.0 1289.1412
7.6 2.68 8.5 1050.4967
7.6 2.68 9.0 873.3686
7.6 2.68 9.5 736.969
7.6 2.68 10.0 634.3828
7.6 2.68 10.5 553.1608
7.6 2.68 11.0 488.1922
7.6 2.78 7.0 2190.9249
7.6 2.78 7.5 1683.3607
7.6 2.78 8.0 1336.6702
7.6 2.78 8.5 1089.2442
7.6 2.78 9.0 904.0253
7.6 2.78 9.5 765.5593
7.6 2.78 10.0 659.4702
7.6 2.78 10.5 575.3946
7.6 2.78 11.0 507.7868
7.6 2.88 7.0 2261.1215
7.6 2.88 7.5 1741.4308
7.6 2.88 8.0 1384.4927
7.6 2.88 8.5 1128.986
7.6 2.88 9.0 935.1661
7.6 2.88 9.5 792.4804
7.6 2.88 10.0 682.7276
7.6 2.88 10.5 595.9256
7.6 2.88 11.0 525.9463
7.6 2.98 7.0 2332.7173
7.6 2.98 7.5 1798.9073
7.6 2.98 8.0 1431.9448
7.6 2.98 8.5 1169.0316
7.6 2.98 9.0 970.1206
7.6 2.98 9.5 823.6873
7.6 2.98 10.0 710.2831
7.6 2.98 10.5 619.275
7.6 2.98 11.0 546.5385
7.6 3.08 7.0 2405.1402
7.6 3.08 7.5 1856.1941
7.6 3.08 8.0 1480.2465
7.6 3.08 8.5 1209.567
7.6 3.08 9.0 1004.9786
7.6 3.08 9.5 853.3326
7.6 3.08 10.0 735.7474
7.6 3.08 10.5 642.4812
7.6 3.08 11.0 566.7254
7.6 3.18 7.0 2476.5525
7.6 3.18 7.5 1914.5314
7.6 3.18 8.0 1528.8402
7.6 3.18 8.5 1251.869
7.6 3.18 9.0 1040.7025
7.6 3.18 9.5 884.8219
7.6 3.18 10.0 763.1095
7.6 3.18 10.5 666.2264
7.6 3.18 11.0 587.8225
7.6 3.28 7.0 2552.1159
7.6 3.28 7.5 1975.5932
7.6 3.28 8.0 1579.1235
7.6 3.28 8.5 1292.5238
7.6 3.28 9.0 1075.8631
7.6 3.28 9.5 913.4789
7.6 3.28 10.0 788.3051
7.6 3.28 10.5 688.6016
7.6 3.28 11.0 607.9638
7.6 3.38 7.0 2627.7856
7.6 3.38 7.5 2035.772
7.6 3.38 8.0 1628.9372
7.6 3.38 8.5 1327.6451
7.6 3.38 9.0 1110.9485
7.6 3.38 9.5 945.7729
7.6 3.38 10.0 816.1691
7.6 3.38 10.5 713.029
7.6 3.38 11.0 629.5943
7.6 3.48 7.0 2704.9935
7.6 3.48 7.5 2096.8378
7.6 3.48 8.0 1678.654
7.6 3.48 8.5 1378.3848
7.6 3.48 9.0 1146.8437
7.6 3.48 9.5 977.5547
7.6 3.48 10.0 842.9544
7.6 3.48 10.5 735.7144
7.6 3.48 11.0 650.9994
7.6 3.58 7.0 2778.0685
7.6 3.58 7.5 2158.6143
7.6 3.58 8.0 1718.5405
7.6 3.58 8.5 1410.5597
7.6 3.58 9.0 1181.8161
7.6 3.58 9.5 1009.1472
7.6 3.58 10.0 868.8522
7.6 3.58 10.5 759.6546
7.6 3.58 11.0 671.3886
7.6 3.68 7.0 2856.133
7.6 3.68 7.5 2221.5313
7.6 3.68 8.0 1782.9254
7.6 3.68 8.5 1453.144
7.6 3.68 9.0 1218.5308
7.6 3.68 9.5 1038.6269
7.6 3.68 10.0 897.3501
7.6 3.68 10.5 784.2079
7.6 3.68 11.0 692.8884
7.6 3.78 7.0 2936.3059
7.6 3.78 7.5 2285.5977
7.6 3.78 8.0 1834.4773
7.6 3.78 8.5 1498.9785
7.6 3.78 9.0 1257.4377
7.6 3.78 9.5 1071.6433
7.6 3.78 10.0 925.7347
7.6 3.78 10.5 808.9994
7.6 3.78 11.0 714.6798
7.6 3.88 7.0 3014.5778
7.6 3.88 7.5 2348.9328
7.6 3.88 8.0 1887.2581
7.6 3.88 8.5 1542.6489
7.6 3.88 9.0 1294.3623
7.6 3.88 9.5 1103.5275
7.6 3.88 10.0 953.8499
7.6 3.88 10.5 833.8427
7.6 3.88 11.0 736.2139
7.6 3.98 7.0 3091.3776
7.6 3.98 7.5 2413.1111
7.6 3.98 8.0 1940.486
7.6 3.98 8.5 1587.2575
7.6 3.98 9.0 1332.151
7.6 3.98 9.5 1136.8583
7.6 3.98 10.0 982.4726
7.6 3.98 10.5 858.7499
7.6 3.98 11.0 758.7564
7.8 1.98 7.0 1646.614
7.8 1.98 7.5 1242.8933
7.8 1.98 8.0 974.4356
7.8 1.98 8.5 785.1584
7.8 1.98 9.0 646.5336
7.8 1.98 9.5 544.9803
7.8 1.98 10.0 467.3538
7.8 1.98 10.5 406.8555
7.8 1.98 11.0 359.4302
7.8 2.08 7.0 1711.0496
7.8 2.08 7.5 1296.1565
7.8 2.08 8.0 1017.328
7.8 2.08 8.5 821.9414
7.8 2.08 9.0 676.5311
7.8 2.08 9.5 571.3972
7.8 2.08 10.0 490.9706
7.8 2.08 10.5 427.2794
7.8 2.08 11.0 377.0414
7.8 2.18 7.0 1775.3068
7.8 2.18 7.5 1349.0302
7.8 2.18 8.0 1060.6152
7.8 2.18 8.5 858.1842
7.8 2.18 9.0 706.2004
7.8 2.18 9.5 598.4779
7.8 2.18 10.0 513.9274
7.8 2.18 10.5 447.2233
7.8 2.18 11.0 394.4503
7.8 2.28 7.0 1841.061
7.8 2.28 7.5 1400.2324
7.8 2.28 8.0 1104.8932
7.8 2.28 8.5 894.4167
7.8 2.28 9.0 739.1448
7.8 2.28 9.5 623.7549
7.8 2.28 10.0 536.2605
7.8 2.28 10.5 468.0566
7.8 2.28 11.0 411.8473
7.8 2.38 7.0 1908.8496
7.8 2.38 7.5 1455.5205
7.8 2.38 8.0 1148.7707
7.8 2.38 8.5 932.6872
7.8 2.38 9.0 774.1762
7.8 2.38 9.5 651.5081
7.8 2.38 10.0 560.6679
7.8 2.38 10.5 488.4103
7.8 2.38 11.0 430.7686
7.8 2.48 7.0 1976.5908
7.8 2.48 7.5 1510.4923
7.8 2.48 8.0 1193.7477
7.8 2.48 8.5 966.1
7.8 2.48 9.0 805.8781
7.8 2.48 9.5 678.4448
7.8 2.48 10.0 583.4911
7.8 2.48 10.5 509.4118
7.8 2.48 11.0 449.1954
7.8 2.58 7.0 2045.7608
7.8 2.58 7.5 1564.8029
7.8 2.58 8.0 1240.4836
7.8 2.58 8.5 1007.9839
7.8 2.58 9.0 838.2658
7.8 2.58 9.5 707.1598
7.8 2.58 10.0 608.484
7.8 2.58 10.5 530.652
7.8 2.58 11.0 468.3941
7.8 2.68 7.0 2113.7623
7.8 2.68 7.5 1622.255
7.8 2.68 8.0 1285.9061
7.8 2.68 8.5 1047.8378
7.8 2.68 9.0 871.6456
7.8 2.68 9.5 735.9538
7.8 2.68 10.0 633.3253
7.8 2.68 10.5 552.5146
7.8 2.68 11.0 487.2777
7.8 2.78 7.0 2181.4226
7.8 2.78 7.5 1678.6486
7.8 2.78 8.0 1333.6795
7.8 2.78 8.5 1087.3807
7.8 2.78 9.0 906.0705
7.8 2.78 9.5 763.9539
7.8 2.78 10.0 657.5286
7.8 2.78 10.5 575.5489
7.8 2.78 11.0 506.4937
7.8 2.88 7.0 2252.526
7.8 2.88 7.5 1734.9424
7.8 2.88 8.0 1381.2381
7.8 2.88 8.5 1126.2911
7.8 2.88 9.0 939.2777
7.8 2.88 9.5 791.0024
7.8 2.88 10.0 682.0201
7.8 2.88 10.5 594.8537
7.8 2.88 11.0 525.16
7.8 2.98 7.0 2325.4436
7.8 2.98 7.5 1793.4072
7.8 2.98 8.0 1428.3924
7.8 2.98 8.5 1166.8896
7.8 2.98 9.0 967.1572
7.8 2.98 9.5 822.228
7.8 2.98 10.0 708.9611
7.8 2.98 10.5 619.5881
7.8 2.98 11.0 546.1102
7.8 3.08 7.0 2397.3902
7.8 3.08 7.5 1851.0709
7.8 3.08 8.0 1476.7356
7.8 3.08 8.5 1206.7357
7.8 3.08 9.0 1007.6611
7.8 3.08 9.5 851.4954
7.8 3.08 10.0 734.6702
7.8 3.08 10.5 641.6979
7.8 3.08 11.0 565.8007
7.8 3.18 7.0 2469.705
7.8 3.18 7.5 1911.1281
7.8 3.18 8.0 1525.9759
7.8 3.18 8.5 1249.0823
7.8 3.18 9.0 1038.4589
7.8 3.18 9.5 882.4644
7.8 3.18 10.0 761.6882
7.8 3.18 10.5 664.8327
7.8 3.18 11.0 586.6076
7.8 3.28 7.0 2544.8412
7.8 3.28 7.5 1970.2374
7.8 3.28 8.0 1575.6353
7.8 3.28 8.5 1289.956
7.8 3.28 9.0 1078.893
7.8 3.28 9.5 911.6921
7.8 3.28 10.0 786.6995
7.8 3.28 10.5 687.7715
7.8 3.28 11.0 606.751
7.8 3.38 7.0 2619.9047
7.8 3.38 7.5 2030.3392
7.8 3.38 8.0 1625.7812
7.8 3.38 8.5 1325.0775
7.8 3.38 9.0 1110.2474
7.8 3.38 9.5 944.6354
7.8 3.38 10.0 815.1448
7.8 3.38 10.5 712.3409
7.8 3.38 11.0 628.6623
7.8 3.48 7.0 2694.6842
7.8 3.48 7.5 2091.0474
7.8 3.48 8.0 1674.6984
7.8 3.48 8.5 1375.23
7.8 3.48 9.0 1144.3657
7.8 3.48 9.5 974.5635
7.8 3.48 10.0 841.2503
7.8 3.48 10.5 735.5398
7.8 3.48 11.0 649.4951
7.8 3.58 7.0 2770.4824
7.8 3.58 7.5 2153.2258
7.8 3.58 8.0 1713.6055
7.8 3.58 8.5 1405.8048
7.8 3.58 9.0 1180.1399
7.8 3.58 9.5 1005.1518
7.8 3.58 10.0 867.813
7.8 3.58 10.5 758.2132
7.8 3.58 11.0 670.3188
7.8 3.68 7.0 2847.9906
7.8 3.68 7.5 2215.7898
7.8 3.68 8.0 1777.5227
7.8 3.68 8.5 1450.1691
7.8 3.68 9.0 1216.1492
7.8 3.68 9.5 1036.6175
7.8 3.68 10.0 895.7381
7.8 3.68 10.5 783.2216
7.8 3.68 11.0 691.8743
7.8 3.78 7.0 2925.2666
7.8 3.78 7.5 2278.3503
7.8 3.78 8.0 1829.779
7.8 3.78 8.5 1497.3623
7.8 3.78 9.0 1256.6181
7.8 3.78 9.5 1071.3269
7.8 3.78 10.0 925.4715
7.8 3.78 10.5 808.6542
7.8 3.78 11.0 714.1896
7.8 3.88 7.0 3005.1487
7.8 3.88 7.5 2343.2456
7.8 3.88 8.0 1883.3318
7.8 3.88 8.5 1539.9938
7.8 3.88 9.0 1292.7308
7.8 3.88 9.5 1101.6254
7.8 3.88 10.0 952.2461
7.8 3.88 10.5 832.8305
7.8 3.88 11.0 735.2964
7.8 3.98 7.0 3083.7509
7.8 3.98 7.5 2406.7073
7.8 3.98 8.0 1935.7534
7.8 3.98 8.5 1583.7613
7.8 3.98 9.0 1330.0665
7.8 3.98 9.5 1134.6402
7.8 3.98 10.0 981.0533
7.8 3.98 10.5 857.8733
7.8 3.98 11.0 758.0912
8.0 1.98 7.0 1641.6439
8.0 1.98 7.5 1240.3187
8.0 1.98 8.0 971.8316
8.0 1.98 8.5 783.8745
8.0 1.98 9.0 643.8418
8.0 1.98 9.5 543.7892
8.0 1.98 10.0 466.9237
8.0 1.98 10.5 406.5377
8.0 1.98 11.0 358.8567
8.0 2.08 7.0 1704.9564
8.0 2.08 7.5 1293.1649
8.0 2.08 8.0 1014.4989
8.0 2.08 8.5 819.4645
8.0 2.08 9.0 674.6692
8.0 2.08 9.5 570.3594
8.0 2.08 10.0 490.3822
8.0 2.08 10.5 426.7123
8.0 2.08 11.0 376.3899
8.0 2.18 7.0 1769.3908
8.0 2.18 7.5 1345.2792
8.0 2.18 8.0 1057.7865
8.0 2.18 8.5 856.8536
8.0 2.18 9.0 705.3424
8.0 2.18 9.5 597.6087
8.0 2.18 10.0 513.2931
8.0 2.18 10.5 446.607
8.0 2.18 11.0 394.103
8.0 2.28 7.0 1834.3882
8.0 2.28 7.5 1397.2749
8.0 2.28 8.0 1101.979
8.0 2.28 8.5 892.8382
8.0 2.28 9.0 737.7444
8.0 2.28 9.5 622.6938
8.0 2.28 10.0 535.2904
8.0 2.28 10.5 467.1153
8.0 2.28 11.0 411.6315
8.0 2.38 7.0 1902.0384
8.0 2.38 7.5 1452.6
8.0 2.38 8.0 1146.8142
8.0 2.38 8.5 930.4049
8.0 2.38 9.0 772.9321
8.0 2.38 9.5 650.6893
8.0 2.38 10.0 559.3605
8.0 2.38 10.5 487.7889
8.0 2.38 11.0 430.2207
8.0 2.48 7.0 1969.9843
8.0 2.48 7.5 1506.846
8.0 2.48 8.0 1191.9257
8.0 2.48 8.5 964.1436
8.0 2.48 9.0 804.6622
8.0 2.48 9.5 677.9596
8.0 2.48 10.0 583.6827
8.0 2.48 10.5 508.9092
8.0 2.48 11.0 448.9079
8.0 2.58 7.0 2037.8014
8.0 2.58 7.5 1561.9923
8.0 2.58 8.0 1237.6458
8.0 2.58 8.5 1006.7748
8.0 2.58 9.0 836.8971
8.0 2.58 9.5 706.2787
8.0 2.58 10.0 607.7572
8.0 2.58 10.5 529.9779
8.0 2.58 11.0 467.7175
8.0 2.68 7.0 2107.9745
8.0 2.68 7.5 1618.2526
8.0 2.68 8.0 1282.9596
8.0 2.68 8.5 1041.108
8.0 2.68 9.0 870.1052
8.0 2.68 9.5 735.7922
8.0 2.68 10.0 633.4196
8.0 2.68 10.5 552.5529
8.0 2.68 11.0 487.4803
8.0 2.78 7.0 2175.3422
8.0 2.78 7.5 1674.4385
8.0 2.78 8.0 1330.4018
8.0 2.78 8.5 1085.0016
8.0 2.78 9.0 904.1117
8.0 2.78 9.5 762.2108
8.0 2.78 10.0 656.3259
8.0 2.78 10.5 574.6022
8.0 2.78 11.0 505.6665
8.0 2.88 7.0 2247.1626
8.0 2.88 7.5 1730.7291
8.0 2.88 8.0 1377.6213
8.0 2.88 8.5 1124.2878
8.0 2.88 9.0 937.3034
8.0 2.88 9.5 792.0941
8.0 2.88 10.0 682.4547
8.0 2.88 10.5 594.7606
8.0 2.88 11.0 525.6422
8.0 2.98 7.0 2318.5274
8.0 2.98 7.5 1789.1391
8.0 2.98 8.0 1424.5492
8.0 2.98 8.5 1164.6658
8.0 2.98 9.0 966.0534
8.0 2.98 9.5 820.9062
8.0 2.98 10.0 707.5944
8.0 2.98 10.5 618.6073
8.0 2.98 11.0 545.333
8.0 3.08 7.0 2390.5374
8.0 3.08 7.5 1846.3029
8.0 3.08 8.0 1472.621
8.0 3.08 8.5 1204.4547
8.0 3.08 9.0 1006.3398
8.0 3.08 9.5 850.7809
8.0 3.08 10.0 734.0312
8.0 3.08 10.5 640.8464
8.0 3.08 11.0 565.5791
8.0 3.18 7.0 2461.5513
8.0 3.18 7.5 1906.1395
8.0 3.18 8.0 1522.3847
8.0 3.18 8.5 1246.3749
8.0 3.18 9.0 1036.686
8.0 3.18 9.5 881.1779
8.0 3.18 10.0 760.0887
8.0 3.18 10.5 663.7928
8.0 3.18 11.0 585.8814
8.0 3.28 7.0 2536.741
8.0 3.28 7.5 1964.6854
8.0 3.28 8.0 1570.7573
8.0 3.28 8.5 1281.1057
8.0 3.28 9.0 1072.349
8.0 3.28 9.5 910.0558
8.0 3.28 10.0 785.4188
8.0 3.28 10.5 686.6682
8.0 3.28 11.0 606.0574
8.0 3.38 7.0 2611.4227
8.0 3.38 7.5 2024.9127
8.0 3.38 8.0 1621.7641
8.0 3.38 8.5 1322.6319
8.0 3.38 9.0 1107.5087
8.0 3.38 9.5 942.2262
8.0 3.38 10.0 813.3382
8.0 3.38 10.5 711.3046
8.0 3.38 11.0 627.4767
8.0 3.48 7.0 2687.5717
8.0 3.48 7.5 2085.7118
8.0 3.48 8.0 1671.1943
8.0 3.48 8.5 1363.9082
8.0 3.48 9.0 1142.4525
8.0 3.48 9.5 972.8448
8.0 3.48 10.0 839.8654
8.0 3.48 10.5 734.0698
8.0 3.48 11.0 648.4317
8.0 3.58 7.0 2763.7495
8.0 3.58 7.5 2147.8124
8.0 3.58 8.0 1710.8403
8.0 3.58 8.5 1403.1683
8.0 3.58 9.0 1177.2879
8.0 3.58 9.5 1003.5188
8.0 3.58 10.0 866.2022
8.0 3.58 10.5 756.9411
8.0 3.58 11.0 669.5038
8.0 3.68 7.0 2839.1456
8.0 3.68 7.5 2209.7423
8.0 3.68 8.0 1773.2542
8.0 3.68 8.5 1447.791
8.0 3.68 9.0 1214.141
8.0 3.68 9.5 1035.1776
8.0 3.68 10.0 894.4894
8.0 3.68 10.5 782.2552
8.0 3.68 11.0 691.2286
8.0 3.78 7.0 2917.7463
8.0 3.78 7.5 2274.0066
8.0 3.78 8.0 1814.6043
8.0 3.78 8.5 1493.671
8.0 3.78 9.0 1253.9709
8.0 3.78 9.5 1069.2436
8.0 3.78 10.0 924.0247
8.0 3.78 10.5 807.4365
8.0 3.78 11.0 713.2761
8.0 3.88 7.0 2996.6785
8.0 3.88 7.5 2337.3918
8.0 3.88 8.0 1879.5714
8.0 3.88 8.5 1537.3775
8.0 3.88 9.0 1290.6363
8.0 3.88 9.5 1099.7454
8.0 3.88 10.0 950.7932
8.0 3.88 10.5 831.4538
8.0 3.88 11.0 734.2897
8.0 3.98 7.0 3075.2838
8.0 3.98 7.5 2400.8837
8.0 3.98 8.0 1931.6964
8.0 3.98 8.5 1580.5295
8.0 3.98 9.0 1327.5624
8.0 3.98 9.5 1132.721
8.0 3.98 10.0 979.3902
8.0 3.98 10.5 856.5999
8.0 3.98 11.0 757.1096
8.2 1.98 7.0 1635.3334
8.2 1.98 7.5 1237.0482
8.2 1.98 8.0 969.432
8.2 1.98 8.5 782.1221
8.2 1.98 9.0 646.8718
8.2 1.98 9.5 543.7928
8.2 1.98 10.0 466.3205
8.2 1.98 10.5 406.1363
8.2 1.98 11.0 358.6482
8.2 2.08 7.0 1699.6049
8.2 2.08 7.5 1289.6218
8.2 2.08 8.0 1012.5077
8.2 2.08 8.5 818.0441
8.2 2.08 9.0 674.6015
8.2 2.08 9.5 569.3438
8.2 2.08 10.0 488.7918
8.2 2.08 10.5 426.1058
8.2 2.08 11.0 375.8261
8.2 2.18 7.0 1764.7528
8.2 2.18 7.5 1341.7631
8.2 2.18 8.0 1056.2163
8.2 2.18 8.5 854.9783
8.2 2.18 9.0 704.7879
8.2 2.18 9.5 596.5962
8.2 2.18 10.0 512.4319
8.2 2.18 10.5 445.5662
8.2 2.18 11.0 393.4391
8.2 2.28 7.0 1829.8091
8.2 2.28 7.5 1393.3621
8.2 2.28 8.0 1099.4708
8.2 2.28 8.5 891.0439
8.2 2.28 9.0 735.9023
8.2 2.28 9.5 622.0386
8.2 2.28 10.0 534.953
8.2 2.28 10.5 466.3797
8.2 2.28 11.0 410.5559
8.2 2.38 7.0 1895.4274
8.2 2.38 7.5 1446.969
8.2 2.38 8.0 1143.6925
8.2 2.38 8.5 928.508
8.2 2.38 9.0 770.9114
8.2 2.38 9.5 648.42
8.2 2.38 10.0 558.0231
8.2 2.38 10.5 486.6836
8.2 2.38 11.0 429.3452
8.2 2.48 7.0 1963.5749
8.2 2.48 7.5 1502.8536
8.2 2.48 8.0 1189.182
8.2 2.48 8.5 966.21
8.2 2.48 9.0 803.0906
8.2 2.48 9.5 676.4478
8.2 2.48 10.0 581.7613
8.2 2.48 10.5 508.2484
8.2 2.48 11.0 447.8691
8.2 2.58 7.0 2032.3685
8.2 2.58 7.5 1557.6962
8.2 2.58 8.0 1234.5845
8.2 2.58 8.5 1004.3198
8.2 2.58 9.0 836.072
8.2 2.58 9.5 704.3418
8.2 2.58 10.0 606.5117
8.2 2.58 10.5 528.7105
8.2 2.58 11.0 466.6127
8.2 2.68 7.0 2102.0425
8.2 2.68 7.5 1613.7569
8.2 2.68 8.0 1279.9103
8.2 2.68 8.5 1043.8238
8.2 2.68 9.0 868.3278
8.2 2.68 9.5 734.2514
8.2 2.68 10.0 632.1724
8.2 2.68 10.5 551.6167
8.2 2.68 11.0 486.8256
8.2 2.78 7.0 2168.7796
8.2 2.78 7.5 1670.3937
8.2 2.78 8.0 1327.4935
8.2 2.78 8.5 1082.6912
8.2 2.78 9.0 902.526
8.2 2.78 9.5 761.8924
8.2 2.78 10.0 656.2912
8.2 2.78 10.5 573.7387
8.2 2.78 11.0 505.4872
8.2 2.88 7.0 2240.4178
8.2 2.88 7.5 1725.8393
8.2 2.88 8.0 1374.1058
8.2 2.88 8.5 1122.2856
8.2 2.88 9.0 935.5863
8.2 2.88 9.5 790.7343
8.2 2.88 10.0 681.4475
8.2 2.88 10.5 594.3762
8.2 2.88 11.0 525.0822
8.2 2.98 7.0 2310.9904
8.2 2.98 7.5 1784.2831
8.2 2.98 8.0 1421.8657
8.2 2.98 8.5 1161.9499
8.2 2.98 9.0 963.214
8.2 2.98 9.5 819.2947
8.2 2.98 10.0 706.4339
8.2 2.98 10.5 618.0503
8.2 2.98 11.0 544.5954
8.2 3.08 7.0 2384.0763
8.2 3.08 7.5 1842.0278
8.2 3.08 8.0 1469.621
8.2 3.08 8.5 1202.6455
8.2 3.08 9.0 1004.403
8.2 3.08 9.5 849.8386
8.2 3.08 10.0 733.1566
8.2 3.08 10.5 640.4588
8.2 3.08 11.0 565.0938
8.2 3.18 7.0 2456.0365
8.2 3.18 7.5 1900.9693
8.2 3.18 8.0 1518.457
8.2 3.18 8.5 1244.3306
8.2 3.18 9.0 1034.9396
8.2 3.18 9.5 879.8327
8.2 3.18 10.0 758.6769
8.2 3.18 10.5 662.9359
8.2 3.18 11.0 585.1145
8.2 3.28 7.0 2529.9357
8.2 3.28 7.5 1960.5394
8.2 3.28 8.0 1567.9826
8.2 3.28 8.5 1285.1436
8.2 3.28 9.0 1070.3984
8.2 3.28 9.5 908.9696
8.2 3.28 10.0 784.324
8.2 3.28 10.5 685.7234
8.2 3.28 11.0 605.2971
8.2 3.38 7.0 2604.2833
8.2 3.38 7.5 2020.6558
8.2 3.38 8.0 1618.4222
8.2 3.38 8.5 1320.1845
8.2 3.38 9.0 1105.5179
8.2 3.38 9.5 940.3672
8.2 3.38 10.0 812.1985
8.2 3.38 10.5 710.3413
8.2 3.38 11.0 626.6826
8.2 3.48 7.0 2678.8714
8.2 3.48 7.5 2082.1173
8.2 3.48 8.0 1667.5128
8.2 3.48 8.5 1360.8706
8.2 3.48 9.0 1139.4543
8.2 3.48 9.5 971.0192
8.2 3.48 10.0 838.3755
8.2 3.48 10.5 733.2024
8.2 3.48 11.0 647.6832
8.2 3.58 7.0 2755.7266
8.2 3.58 7.5 2141.9285
8.2 3.58 8.0 1707.7845
8.2 3.58 8.5 1399.7296
8.2 3.58 9.0 1174.9095
8.2 3.58 9.5 1001.601
8.2 3.58 10.0 864.6206
8.2 3.58 10.5 755.6861
8.2 3.58 11.0 668.3945
8.2 3.68 7.0 2831.0654
8.2 3.68 7.5 2204.9546
8.2 3.68 8.0 1769.9987
8.2 3.68 8.5 1443.4258
8.2 3.68 9.0 1210.9766
8.2 3.68 9.5 1032.7303
8.2 3.68 10.0 892.8225
8.2 3.68 10.5 780.8792
8.2 3.68 11.0 689.9054
8.2 3.78 7.0 2908.9786
8.2 3.78 7.5 2267.6526
8.2 3.78 8.0 1821.7059
8.2 3.78 8.5 1490.2447
8.2 3.78 9.0 1251.1999
8.2 3.78 9.5 1067.0796
8.2 3.78 10.0 922.2729
8.2 3.78 10.5 806.0621
8.2 3.78 11.0 712.1325
8.2 3.88 7.0 2987.8132
8.2 3.88 7.5 2332.4716
8.2 3.88 8.0 1874.1227
8.2 3.88 8.5 1535.2663
8.2 3.88 9.0 1288.7702
8.2 3.88 9.5 1098.0571
8.2 3.88 10.0 949.6179
8.2 3.88 10.5 830.4509
8.2 3.88 11.0 733.5343
8.2 3.98 7.0 3066.8241
8.2 3.98 7.5 2395.2967
8.2 3.98 8.0 1927.5808
8.2 3.98 8.5 1576.764
8.2 3.98 9.0 1324.8669
8.2 3.98 9.5 1130.4123
8.2 3.98 10.0 977.1607
8.2 3.98 10.5 854.8575
8.2 3.98 11.0 755.6719
8.4 1.98 7.0 1630.4371
8.4 1.98 7.5 1234.5149
8.4 1.98 8.0 967.0476
8.4 1.98 8.5 781.176
8.4 1.98 9.0 646.0848
8.4 1.98 9.5 543.3822
8.4 1.98 10.0 466.7017
8.4 1.98 10.5 406.5164
8.4 1.98 11.0 358.5407
8.4 2.08 7.0 1695.0886
8.4 2.08 7.5 1286.1825
8.4 2.08 8.0 1010.477
8.4 2.08 8.5 816.9053
8.4 2.08 9.0 672.5989
8.4 2.08 9.5 567.6691
8.4 2.08 10.0 488.1336
8.4 2.08 10.5 425.8151
8.4 2.08 11.0 375.3572
8.4 2.18 7.0 1758.9158
8.4 2.18 7.5 1338.2441
8.4 2.18 8.0 1053.8723
8.4 2.18 8.5 853.1955
8.4 2.18 9.0 702.8127
8.4 2.18 9.5 595.4369
8.4 2.18 10.0 511.6749
8.4 2.18 10.5 445.1419
8.4 2.18 11.0 393.1868
8.4 2.28 7.0 1824.568
8.4 2.28 7.5 1390.9322
8.4 2.28 8.0 1096.2083
8.4 2.28 8.5 889.235
8.4 2.28 9.0 735.1095
8.4 2.28 9.5 620.9778
8.4 2.28 10.0 533.8207
8.4 2.28 10.5 465.7249
8.4 2.28 11.0 410.6454
8.4 2.38 7.0 1891.5552
8.4 2.38 7.5 1444.0682
8.4 2.38 8.0 1141.2507
8.4 2.38 8.5 926.3264
8.4 2.38 9.0 769.4695
8.4 2.38 9.5 647.6605
8.4 2.38 10.0 557.5279
8.4 2.38 10.5 486.4686
8.4 2.38 11.0 428.8124
8.4 2.48 7.0 1958.4272
8.4 2.48 7.5 1499.2244
8.4 2.48 8.0 1186.0941
8.4 2.48 8.5 964.4671
8.4 2.48 9.0 801.6496
8.4 2.48 9.5 675.512
8.4 2.48 10.0 581.6968
8.4 2.48 10.5 507.6521
8.4 2.48 11.0 447.4214
8.4 2.58 7.0 2028.1685
8.4 2.58 7.5 1553.7757
8.4 2.58 8.0 1232.3824
8.4 2.58 8.5 1002.4796
8.4 2.58 9.0 834.2993
8.4 2.58 9.5 704.6481
8.4 2.58 10.0 606.7986
8.4 2.58 10.5 529.1986
8.4 2.58 11.0 466.9005
8.4 2.68 7.0 2095.2389
8.4 2.68 7.5 1609.8987
8.4 2.68 8.0 1277.8674
8.4 2.68 8.5 1041.8703
8.4 2.68 9.0 867.099
8.4 2.68 9.5 732.1302
8.4 2.68 10.0 630.6966
8.4 2.68 10.5 550.384
8.4 2.68 11.0 485.4259
8.4 2.78 7.0 2163.881
8.4 2.78 7.5 1665.7065
8.4 2.78 8.0 1324.7251
8.4 2.78 8.5 1081.016
8.4 2.78 9.0 901.078
8.4 2.78 9.5 760.5095
8.4 2.78 10.0 655.3685
8.4 2.78 10.5 572.8963
8.4 2.78 11.0 504.8439
8.4 2.88 7.0 2234.9374
8.4 2.88 7.5 1722.2864
8.4 2.88 8.0 1371.8685
8.4 2.88 8.5 1119.8194
8.4 2.88 9.0 934.4958
8.4 2.88 9.5 789.7251
8.4 2.88 10.0 680.4294
8.4 2.88 10.5 593.6086
8.4 2.88 11.0 524.5198
8.4 2.98 7.0 2304.362
8.4 2.98 7.5 1779.7904
8.4 2.98 8.0 1418.5956
8.4 2.98 8.5 1159.8374
8.4 2.98 9.0 963.758
8.4 2.98 9.5 818.1006
8.4 2.98 10.0 705.6965
8.4 2.98 10.5 617.1469
8.4 2.98 11.0 543.8873
8.4 3.08 7.0 2378.6514
8.4 3.08 7.5 1837.8421
8.4 3.08 8.0 1466.6027
8.4 3.08 8.5 1200.3695
8.4 3.08 9.0 1002.8995
8.4 3.08 9.5 848.9907
8.4 3.08 10.0 732.4002
8.4 3.08 10.5 639.8106
8.4 3.08 11.0 564.5665
8.4 3.18 7.0 2449.1359
8.4 3.18 7.5 1896.0565
8.4 3.18 8.0 1515.3615
8.4 3.18 8.5 1242.0304
8.4 3.18 9.0 1033.5841
8.4 3.18 9.5 878.6699
8.4 3.18 10.0 757.7638
8.4 3.18 10.5 661.9908
8.4 3.18 11.0 584.5553
8.4 3.28 7.0 2523.3338
8.4 3.28 7.5 1957.4102
8.4 3.28 8.0 1563.549
8.4 3.28 8.5 1283.5302
8.4 3.28 9.0 1068.2669
8.4 3.28 9.5 907.6422
8.4 3.28 10.0 783.4047
8.4 3.28 10.5 685.4821
8.4 3.28 11.0 604.5283
8.4 3.38 7.0 2597.543
8.4 3.38 7.5 2016.3574
8.4 3.38 8.0 1614.6317
8.4 3.38 8.5 1317.0146
8.4 3.38 9.0 1102.7206
8.4 3.38 9.5 939.5518
8.4 3.38 10.0 811.1151
8.4 3.38 10.5 709.2885
8.4 3.38 11.0 626.2416
8.4 3.48 7.0 2671.4432
8.4 3.48 7.5 2076.8273
8.4 3.48 8.0 1652.2108
8.4 3.48 8.5 1358.054
8.4 3.48 9.0 1138.1953
8.4 3.48 9.5 969.6016
8.4 3.48 10.0 837.1394
8.4 3.48 10.5 732.4367
8.4 3.48 11.0 647.0795
8.4 3.58 7.0 2748.1313
8.4 3.58 7.5 2136.6568
8.4 3.58 8.0 1703.7504
8.4 3.58 8.5 1397.7939
8.4 3.58 9.0 1172.9945
8.4 3.58 9.5 1000.0675
8.4 3.58 10.0 863.4279
8.4 3.58 10.5 754.8192
8.4 3.58 11.0 667.6315
8.4 3.68 7.0 2824.1579
8.4 3.68 7.5 2200.7142
8.4 3.68 8.0 1766.7678
8.4 3.68 8.5 1440.8733
8.4 3.68 9.0 1209.1654
8.4 3.68 9.5 1031.2969
8.4 3.68 10.0 891.6166
8.4 3.68 10.5 779.6847
8.4 3.68 11.0 688.9656
8.4 3.78 7.0 2901.7609
8.4 3.78 7.5 2261.8926
8.4 3.78 8.0 1818.2268
8.4 3.78 8.5 1488.0822
8.4 3.78 9.0 1249.1378
8.4 3.78 9.5 1065.6114
8.4 3.78 10.0 921.1413
8.4 3.78 10.5 805.1007
8.4 3.78 11.0 711.4593
8.4 3.88 7.0 2981.3694
8.4 3.88 7.5 2327.2402
8.4 3.88 8.0 1872.6013
8.4 3.88 8.5 1532.7902
8.4 3.88 9.0 1286.7936
8.4 3.88 9.5 1096.9589
8.4 3.88 10.0 948.6477
8.4 3.88 10.5 829.5878
8.4 3.88 11.0 733.0822
8.4 3.98 7.0 3058.2576
8.4 3.98 7.5 2389.7265
8.4 3.98 8.0 1923.7885
8.4 3.98 8.5 1573.9185
8.4 3.98 9.0 1322.3867
8.4 3.98 9.5 1128.6031
8.4 3.98 10.0 975.5862
8.4 3.98 10.5 853.3483
8.4 3.98 11.0 754.5753
8.6 1.98 7.0 1625.7161
8.6 1.98 7.5 1230.856
8.6 1.98 8.0 965.5368
8.6 1.98 8.5 779.5483
8.6 1.98 9.0 640.7994
8.6 1.98 9.5 541.9576
8.6 1.98 10.0 465.8321
8.6 1.98 10.5 405.5731
8.6 1.98 11.0 357.8371
8.6 2.08 7.0 1689.6532
8.6 2.08 7.5 1283.0649
8.6 2.08 8.0 1008.1268
8.6 2.08 8.5 815.4722
8.6 2.08 9.0 675.3066
8.6 2.08 9.5 567.2809
8.6 2.08 10.0 487.7309
8.6 2.08 10.5 425.4079
8.6 2.08 11.0 374.722
8.6 2.18 7.0 1755.2156
8.6 2.18 7.5 1335.2836
8.6 2.18 8.0 1051.0275
8.6 2.18 8.5 851.9306
8.6 2.18 9.0 702.4818
8.6 2.18 9.5 594.9015
8.6 2.18 10.0 511.2939
8.6 2.18 10.5 444.9936
8.6 2.18 11.0 393.0841
8.6 2.28 7.0 1820.1655
8.6 2.28 7.5 1388.6437
8.6 2.28 8.0 1095.2893
8.6 2.28 8.5 887.6023
8.6 2.28 9.0 733.5794
8.6 2.28 9.5 620.6721
8.6 2.28 10.0 533.7796
8.6 2.28 10.5 465.5884
8.6 2.28 11.0 410.4729
8.6 2.38 7.0 1886.8513
8.6 2.38 7.5 1441.3154
8.6 2.38 8.0 1139.1949
8.6 2.38 8.5 924.6344
8.6 2.38 9.0 768.5168
8.6 2.38 9.5 647.0266
8.6 2.38 10.0 556.754
8.6 2.38 10.5 485.6002
8.6 2.38 11.0 428.469
8.6 2.48 7.0 1953.8155
8.6 2.48 7.5 1496.1311
8.6 2.48 8.0 1183.8295
8.6 2.48 8.5 962.7599
8.6 2.48 9.0 800.4568
8.6 2.48 9.5 674.0564
8.6 2.48 10.0 580.3222
8.6 2.48 10.5 506.9504
8.6 2.48 11.0 446.9124
8.6 2.58 7.0 2020.47
8.6 2.58 7.5 1550.7573
8.6 2.58 8.0 1228.9677
8.6 2.58 8.5 1000.5845
8.6 2.58 9.0 832.9001
8.6 2.58 9.5 703.0984
8.6 2.58 10.0 605.6507
8.6 2.58 10.5 528.2684
8.6 2.58 11.0 466.1563
8.6 2.68 7.0 2090.1792
8.6 2.68 7.5 1606.1379
8.6 2.68 8.0 1275.4766
8.6 2.68 8.5 1039.8877
8.6 2.68 9.0 865.7096
8.6 2.68 9.5 731.4422
8.6 2.68 10.0 630.0883
8.6 2.68 10.5 549.8161
8.6 2.68 11.0 485.1988
8.6 2.78 7.0 2158.8238
8.6 2.78 7.5 1661.2124
8.6 2.78 8.0 1322.6353
8.6 2.78 8.5 1078.4876
8.6 2.78 9.0 899.3649
8.6 2.78 9.5 759.7314
8.6 2.78 10.0 654.4341
8.6 2.78 10.5 571.0719
8.6 2.78 11.0 504.254
8.6 2.88 7.0 2229.2649
8.6 2.88 7.5 1718.3365
8.6 2.88 8.0 1368.8859
8.6 2.88 8.5 1117.9469
8.6 2.88 9.0 932.9561
8.6 2.88 9.5 788.2537
8.6 2.88 10.0 679.5328
8.6 2.88 10.5 592.7066
8.6 2.88 11.0 523.9337
8.6 2.98 7.0 2299.0059
8.6 2.98 7.5 1775.9881
8.6 2.98 8.0 1415.9823
8.6 2.98 8.5 1157.6271
8.6 2.98 9.0 962.7923
8.6 2.98 9.5 816.9874
8.6 2.98 10.0 704.6565
8.6 2.98 10.5 616.5286
8.6 2.98 11.0 543.1988
8.6 3.08 7.0 2373.6146
8.6 3.08 7.5 1833.9035
8.6 3.08 8.0 1464.4162
8.6 3.08 8.5 1198.1294
8.6 3.08 9.0 1001.3612
8.6 3.08 9.5 847.6143
8.6 3.08 10.0 731.6425
8.6 3.08 10.5 639.0324
8.6 3.08 11.0 563.4056
8.6 3.18 7.0 2443.4051
8.6 3.18 7.5 1893.1357
8.6 3.18 8.0 1512.0503
8.6 3.18 8.5 1239.7018
8.6 3.18 9.0 1031.3117
8.6 3.18 9.5 877.0472
8.6 3.18 10.0 756.6216
8.6 3.18 10.5 661.3956
8.6 3.18 11.0 583.5872
8.6 3.28 7.0 2518.6741
8.6 3.28 7.5 1952.7516
8.6 3.28 8.0 1561.808
8.6 3.28 8.5 1274.3525
8.6 3.28 9.0 1066.8504
8.6 3.28 9.5 906.9248
8.6 3.28 10.0 782.9042
8.6 3.28 10.5 685.0465
8.6 3.28 11.0 604.3175
8.6 3.38 7.0 2590.4205
8.6 3.38 7.5 2011.8643
8.6 3.38 8.0 1611.8599
8.6 3.38 8.5 1314.7908
8.6 3.38 9.0 1100.8082
8.6 3.38 9.5 938.0684
8.6 3.38 10.0 809.9502
8.6 3.38 10.5 708.1613
8.6 3.38 11.0 625.4247
8.6 3.48 7.0 2664.1498
8.6 3.48 7.5 2072.3828
8.6 3.48 8.0 1649.0319
8.6 3.48 8.5 1355.7759
8.6 3.48 9.0 1135.9295
8.6 3.48 9.5 968.1092
8.6 3.48 10.0 835.824
8.6 3.48 10.5 731.0639
8.6 3.48 11.0 646.2809
8.6 3.58 7.0 2740.2158
8.6 3.58 7.5 2132.5703
8.6 3.58 8.0 1712.3911
8.6 3.58 8.5 1394.841
8.6 3.58 9.0 1171.0525
8.6 3.58 9.5 998.298
8.6 3.58 10.0 862.4776
8.6 3.58 10.5 754.0568
8.6 3.58 11.0 666.6928
8.6 3.68 7.0 2819.2532
8.6 3.68 7.5 2195.6631
8.6 3.68 8.0 1763.6587
8.6 3.68 8.5 1450.8205
8.6 3.68 9.0 1209.8153
8.6 3.68 9.5 1031.3962
8.6 3.68 10.0 891.4272
8.6 3.68 10.5 779.8695
8.6 3.68 11.0 689.2356
8.6 3.78 7.0 2894.5825
8.6 3.78 7.5 2257.8187
8.6 3.78 8.0 1803.7723
8.6 3.78 8.5 1485.9714
8.6 3.78 9.0 1247.6847
8.6 3.78 9.5 1064.078
8.6 3.78 10.0 919.793
8.6 3.78 10.5 804.0632
8.6 3.78 11.0 710.6175
8.6 3.88 7.0 2973.6607
8.6 3.88 7.5 2321.7393
8.6 3.88 8.0 1867.7509
8.6 3.88 8.5 1530.569
8.6 3.88 9.0 1285.3172
8.6 3.88 9.5 1096.9843
8.6 3.88 10.0 948.4918
8.6 3.88 10.5 829.5406
8.6 3.88 11.0 733.0072
8.6 3.98 7.0 3050.7589
8.6 3.98 7.5 2384.4697
8.6 3.98 8.0 1919.8899
8.6 3.98 8.5 1571.8837
8.6 3.98 9.0 1320.7201
8.6 3.98 9.5 1127.1017
8.6 3.98 10.0 974.6033
8.6 3.98 10.5 852.9021
8.6 3.98 11.0 754.109
8.8 1.98 7.0 1621.0903
8.8 1.98 7.5 1227.6821
8.8 1.98 8.0 963.4044
8.8 1.98 8.5 778.2439
8.8 1.98 9.0 639.7315
8.8 1.98 9.5 541.2168
8.8 1.98 10.0 465.0297
8.8 1.98 10.5 404.8303
8.8 1.98 11.0 357.2999
8.8 2.08 7.0 1685.7496
8.8 2.08 7.5 1279.7285
8.8 2.08 8.0 1005.8261
8.8 2.08 8.5 813.5412
8.8 2.08 9.0 674.2045
8.8 2.08 9.5 566.7604
8.8 2.08 10.0 487.2218
8.8 2.08 10.5 424.6742
8.8 2.08 11.0 374.3068
8.8 2.18 7.0 1750.747
8.8 2.18 7.5 1331.3343
8.8 2.18 8.0 1049.3096
8.8 2.18 8.5 849.4742
8.8 2.18 9.0 700.3303
8.8 2.18 9.5 593.8501
8.8 2.18 10.0 510.6493
8.8 2.18 10.5 444.598
8.8 2.18 11.0 392.5749
8.8 2.28 7.0 1815.6588
8.8 2.28 7.5 1385.0409
8.8 2.28 8.0 1093.1032
8.8 2.28 8.5 886.2882
8.8 2.28 9.0 732.4782
8.8 2.28 9.5 619.6622
8.8 2.28 10.0 533.1822
8.8 2.28 10.5 464.9269
8.8 2.28 11.0 410.2222
8.8 2.38 7.0 1881.2065
8.8 2.38 7.5 1437.7119
8.8 2.38 8.0 1136.7985
8.8 2.38 8.5 923.4254
8.8 2.38 9.0 767.2318
8.8 2.38 9.5 646.4095
8.8 2.38 10.0 556.1587
8.8 2.38 10.5 485.1876
8.8 2.38 11.0 428.1422
8.8 2.48 7.0 1948.952
8.8 2.48 7.5 1492.7486
8.8 2.48 8.0 1181.5005
8.8 2.48 8.5 961.4694
8.8 2.48 9.0 799.1094
8.8 2.48 9.5 674.3953
8.8 2.48 10.0 580.365
8.8 2.48 10.5 506.3285
8.8 2.48 11.0 446.8627
8.8 2.58 7.0 2015.4803
8.8 2.58 7.5 1547.0862
8.8 2.58 8.0 1226.6654
8.8 2.58 8.5 992.2484
8.8 2.58 9.0 831.6423
8.8 2.58 9.5 702.1914
8.8 2.58 10.0 604.9922
8.8 2.58 10.5 527.7759
8.8 2.58 11.0 465.7159
8.8 2.68 7.0 2085.8434
8.8 2.68 7.5 1603.2112
8.8 2.68 8.0 1272.8747
8.8 2.68 8.5 1031.973
8.8 2.68 9.0 864.3306
8.8 2.68 9.5 730.318
8.8 2.68 10.0 629.3101
8.8 2.68 10.5 549.0485
8.8 2.68 11.0 484.4024
8.8 2.78 7.0 2155.1767
8.8 2.78 7.5 1657.5548
8.8 2.78 8.0 1319.5194
8.8 2.78 8.5 1076.8334
8.8 2.78 9.0 897.3515
8.8 2.78 9.5 757.8999
8.8 2.78 10.0 653.0421
8.8 2.78 10.5 570.8066
8.8 2.78 11.0 503.7139
8.8 2.88 7.0 2222.1478
8.8 2.88 7.5 1714.5144
8.8 2.88 8.0 1366.6405
8.8 2.88 8.5 1116.0213
8.8 2.88 9.0 931.2565
8.8 2.88 9.5 786.8968
8.8 2.88 10.0 678.8872
8.8 2.88 10.5 592.9436
8.8 2.88 11.0 523.4282
8.8 2.98 7.0 2294.1299
8.8 2.98 7.5 1772.1366
8.8 2.98 8.0 1413.5317
8.8 2.98 8.5 1156.0139
8.8 2.98 9.0 959.1906
8.8 2.98 9.5 815.6862
8.8 2.98 10.0 703.7017
8.8 2.98 10.5 615.5436
8.8 2.98 11.0 542.6362
8.8 3.08 7.0 2366.4467
8.8 3.08 7.5 1829.9625
8.8 3.08 8.0 1461.6223
8.8 3.08 8.5 1196.7609
8.8 3.08 9.0 1000.3702
8.8 3.08 9.5 846.8719
8.8 3.08 10.0 730.8704
8.8 3.08 10.5 638.2095
8.8 3.08 11.0 562.5979
8.8 3.18 7.0 2436.8621
8.8 3.18 7.5 1888.7727
8.8 3.18 8.0 1509.9326
8.8 3.18 8.5 1237.1744
8.8 3.18 9.0 1029.3445
8.8 3.18 9.5 875.5918
8.8 3.18 10.0 755.5279
8.8 3.18 10.5 660.8988
8.8 3.18 11.0 582.6656
8.8 3.28 7.0 2511.0585
8.8 3.28 7.5 1948.2213
8.8 3.28 8.0 1557.7087
8.8 3.28 8.5 1279.1996
8.8 3.28 9.0 1065.107
8.8 3.28 9.5 905.4837
8.8 3.28 10.0 781.3929
8.8 3.28 10.5 684.1186
8.8 3.28 11.0 603.5373
8.8 3.38 7.0 2583.5664
8.8 3.38 7.5 2007.9367
8.8 3.38 8.0 1608.7933
8.8 3.38 8.5 1312.1206
8.8 3.38 9.0 1099.4813
8.8 3.38 9.5 936.7887
8.8 3.38 10.0 808.8835
8.8 3.38 10.5 707.5234
8.8 3.38 11.0 624.9268
8.8 3.48 7.0 2657.7331
8.8 3.48 7.5 2068.0662
8.8 3.48 8.0 1658.2756
8.8 3.48 8.5 1351.833
8.8 3.48 9.0 1134.1017
8.8 3.48 9.5 966.9461
8.8 3.48 10.0 834.7719
8.8 3.48 10.5 730.4724
8.8 3.48 11.0 645.6837
8.8 3.58 7.0 2734.7884
8.8 3.58 7.5 2127.7964
8.8 3.58 8.0 1709.9183
8.8 3.58 8.5 1393.7102
8.8 3.58 9.0 1169.3572
8.8 3.58 9.5 997.9567
8.8 3.58 10.0 861.1601
8.8 3.58 10.5 753.0905
8.8 3.58 11.0 666.808
8.8 3.68 7.0 2812.878
8.8 3.68 7.5 2191.6162
8.8 3.68 8.0 1760.8966
8.8 3.68 8.5 1448.8677
8.8 3.68 9.0 1208.0673
8.8 3.68 9.5 1030.1721
8.8 3.68 10.0 890.6177
8.8 3.68 10.5 779.1235
8.8 3.68 11.0 688.6638
8.8 3.78 7.0 2887.3355
8.8 3.78 7.5 2252.1011
8.8 3.78 8.0 1800.3342
8.8 3.78 8.5 1483.4876
8.8 3.78 9.0 1245.8548
8.8 3.78 9.5 1062.7284
8.8 3.78 10.0 918.8274
8.8 3.78 10.5 803.2703
8.8 3.78 11.0 710.0013
8.8 3.88 7.0 2966.7587
8.8 3.88 7.5 2317.2037
8.8 3.88 8.0 1864.2193
8.8 3.88 8.5 1527.7776
8.8 3.88 9.0 1283.2032
8.8 3.88 9.5 1095.5367
8.8 3.88 10.0 947.4414
8.8 3.88 10.5 828.4951
8.8 3.88 11.0 732.2066
8.8 3.98 7.0 3044.1522
8.8 3.98 7.5 2379.3551
8.8 3.98 8.0 1916.2278
8.8 3.98 8.5 1568.8888
8.8 3.98 9.0 1318.5998
8.8 3.98 9.5 1125.611
8.8 3.98 10.0 973.5551
8.8 3.98 10.5 851.8536
8.8 3.98 11.0 753.0694
9.0 1.98 7.0 1617.0582
9.0 1.98 7.5 1224.8059
9.0 1.98 8.0 961.6106
9.0 1.98 8.5 777.3944
9.0 1.98 9.0 640.0409
9.0 1.98 9.5 541.5674
9.0 1.98 10.0 464.5783
9.0 1.98 10.5 405.0043
9.0 1.98 11.0 357.6729
9.0 2.08 7.0 1682.0494
9.0 2.08 7.5 1276.5828
9.0 2.08 8.0 1003.8904
9.0 2.08 8.5 812.189
9.0 2.08 9.0 669.7143
9.0 2.08 9.5 566.4976
9.0 2.08 10.0 487.0546
9.0 2.08 10.5 424.5054
9.0 2.08 11.0 374.3143
9.0 2.18 7.0 1745.9522
9.0 2.18 7.5 1329.13
9.0 2.18 8.0 1046.7255
9.0 2.18 8.5 848.1617
9.0 2.18 9.0 699.7587
9.0 2.18 9.5 592.2447
9.0 2.18 10.0 509.3574
9.0 2.18 10.5 443.7222
9.0 2.18 11.0 392.17
9.0 2.28 7.0 1810.3583
9.0 2.28 7.5 1381.4185
9.0 2.28 8.0 1090.0892
9.0 2.28 8.5 884.9031
9.0 2.28 9.0 731.8353
9.0 2.28 9.5 618.396
9.0 2.28 10.0 531.6166
9.0 2.28 10.5 464.4748
9.0 2.28 11.0 409.6158
9.0 2.38 7.0 1876.2473
9.0 2.38 7.5 1434.686
9.0 2.38 8.0 1134.5197
9.0 2.38 8.5 921.7183
9.0 2.38 9.0 766.1683
9.0 2.38 9.5 645.7688
9.0 2.38 10.0 555.8101
9.0 2.38 10.5 485.0153
9.0 2.38 11.0 427.4904
9.0 2.48 7.0 1943.8774
9.0 2.48 7.5 1489.9246
9.0 2.48 8.0 1179.2258
9.0 2.48 8.5 959.9279
9.0 2.48 9.0 797.7359
9.0 2.48 9.5 673.4525
9.0 2.48 10.0 579.7745
9.0 2.48 10.5 505.5859
9.0 2.48 11.0 446.5413
9.0 2.58 7.0 2010.2935
9.0 2.58 7.5 1543.6323
9.0 2.58 8.0 1224.324
9.0 2.58 8.5 990.7128
9.0 2.58 9.0 830.3577
9.0 2.58 9.5 701.2847
9.0 2.58 10.0 604.0833
9.0 2.58 10.5 527.0585
9.0 2.58 11.0 465.0736
9.0 2.68 7.0 2080.5156
9.0 2.68 7.5 1599.7915
9.0 2.68 8.0 1270.0347
9.0 2.68 8.5 1030.6591
9.0 2.68 9.0 858.0861
9.0 2.68 9.5 729.2847
9.0 2.68 10.0 628.4194
9.0 2.68 10.5 548.5249
9.0 2.68 11.0 484.1324
9.0 2.78 7.0 2148.977
9.0 2.78 7.5 1654.8331
9.0 2.78 8.0 1316.8415
9.0 2.78 8.5 1075.1961
9.0 2.78 9.0 896.4438
9.0 2.78 9.5 757.0591
9.0 2.78 10.0 652.1491
9.0 2.78 10.5 569.8809
9.0 2.78 11.0 503.0313
9.0 2.88 7.0 2217.4652
9.0 2.88 7.5 1712.4255
9.0 2.88 8.0 1363.8673
9.0 2.88 8.5 1114.6396
9.0 2.88 9.0 930.6663
9.0 2.88 9.5 785.866
9.0 2.88 10.0 678.428
9.0 2.88 10.5 592.1015
9.0 2.88 11.0 522.9534
9.0 2.98 7.0 2287.5122
9.0 2.98 7.5 1768.1999
9.0 2.98 8.0 1410.3497
9.0 2.98 8.5 1154.0979
9.0 2.98 9.0 957.6405
9.0 2.98 9.5 815.0435
9.0 2.98 10.0 703.249
9.0 2.98 10.5 615.4044
9.0 2.98 11.0 542.1817
9.0 3.08 7.0 2361.0683
9.0 3.08 7.5 1826.2121
9.0 3.08 8.0 1459.6105
9.0 3.08 8.5 1194.8976
9.0 3.08 9.0 998.7222
9.0 3.08 9.5 845.5793
9.0 3.08 10.0 729.8393
9.0 3.08 10.5 637.0217
9.0 3.08 11.0 562.16
9.0 3.18 7.0 2431.7117
9.0 3.18 7.5 1884.8549
9.0 3.18 8.0 1506.9901
9.0 3.18 8.5 1235.1333
9.0 3.18 9.0 1027.9144
9.0 3.18 9.5 874.4736
9.0 3.18 10.0 754.6496
9.0 3.18 10.5 659.7877
9.0 3.18 11.0 582.4874
9.0 3.28 7.0 2505.1931
9.0 3.28 7.5 1944.0349
9.0 3.28 8.0 1547.227
9.0 3.28 8.5 1270.6377
9.0 3.28 9.0 1064.1714
9.0 3.28 9.5 903.8308
9.0 3.28 10.0 780.3874
9.0 3.28 10.5 683.5124
9.0 3.28 11.0 602.649
9.0 3.38 7.0 2579.5466
9.0 3.38 7.5 2005.0908
9.0 3.38 8.0 1606.2488
9.0 3.38 8.5 1309.9286
9.0 3.38 9.0 1097.9659
9.0 3.38 9.5 935.4457
9.0 3.38 10.0 808.0859
9.0 3.38 10.5 706.5425
9.0 3.38 11.0 623.9264
9.0 3.48 7.0 2652.1531
9.0 3.48 7.5 2063.9958
9.0 3.48 8.0 1655.5071
9.0 3.48 8.5 1349.9205
9.0 3.48 9.0 1132.8859
9.0 3.48 9.5 965.4836
9.0 3.48 10.0 834.0789
9.0 3.48 10.5 729.7815
9.0 3.48 11.0 644.8803
9.0 3.58 7.0 2729.0799
9.0 3.58 7.5 2123.6141
9.0 3.58 8.0 1707.067
9.0 3.58 8.5 1391.7476
9.0 3.58 9.0 1167.6263
9.0 3.58 9.5 997.9919
9.0 3.58 10.0 860.2039
9.0 3.58 10.5 752.2572
9.0 3.58 11.0 666.9024
9.0 3.68 7.0 2806.1956
9.0 3.68 7.5 2187.0048
9.0 3.68 8.0 1757.6107
9.0 3.68 8.5 1446.3623
9.0 3.68 9.0 1206.1426
9.0 3.68 9.5 1028.867
9.0 3.68 10.0 889.5533
9.0 3.68 10.5 778.3544
9.0 3.68 11.0 687.9798
9.0 3.78 7.0 2881.6435
9.0 3.78 7.5 2249.0358
9.0 3.78 8.0 1797.678
9.0 3.78 8.5 1481.5086
9.0 3.78 9.0 1244.0337
9.0 3.78 9.5 1061.5348
9.0 3.78 10.0 917.8501
9.0 3.78 10.5 802.482
9.0 3.78 11.0 709.3671
9.0 3.88 7.0 2959.3853
9.0 3.88 7.5 2312.5551
9.0 3.88 8.0 1860.7163
9.0 3.88 8.5 1524.9782
9.0 3.88 9.0 1281.2293
9.0 3.88 9.5 1093.8922
9.0 3.88 10.0 946.1333
9.0 3.88 10.5 827.6687
9.0 3.88 11.0 731.4334
9.0 3.98 7.0 3036.9126
9.0 3.98 7.5 2374.5008
9.0 3.98 8.0 1913.4493
9.0 3.98 8.5 1566.1883
9.0 3.98 9.0 1316.4132
9.0 3.98 9.5 1123.8234
9.0 3.98 10.0 972.1397
9.0 3.98 10.5 850.9233
9.0 3.98 11.0 752.3003
