gunshot100% waist100%
6.32 0.6144
6.64 0.6496
6.96 0.7042
17.56 0.7443
16.76 0.7001
17.88 0.7049
9.32 0.7266
18.92 0.7109
17.84 0.7643
6.4 0.5952
6.72 0.6318
7.04 0.6861
7.44 0.7293
17.12 0.6605
18.36 0.6498
9.4 0.721
9.56 0.7261
9.76 0.7475
6.48 0.5708
6.8 0.6152
7.12 0.6712
7.48 0.7124
7.8 0.6747
9.16 0.6708
18.84 0.6497
18.64 0.7023
18.92 0.6953
6.56 0.5503
6.88 0.5955
15.88 0.7793
7.52 0.7034
16.84 0.6646
17.96 0.657
9.48 0.6996
9.56 0.6928
9.88 0.7339
6.56 0.5177
6.88 0.5821
7.24 0.6347
7.6 0.6819
17.72 0.7091
8.36 0.6913
18.4 0.6853
9.72 0.6996
10.16 0.7396
6.64 0.4992
7.0 0.5525
7.32 0.6073
7.6 0.6762
16.44 0.6639
17.56 0.6677
18.8 0.6803
10.04 0.7332
10.12 0.709
6.68 0.4736
7.04 0.5459
7.32 0.5985
7.68 0.662
8.08 0.6094
8.36 0.6681
9.88 0.6854
10.04 0.6974
11.32 0.7037
6.68 0.4491
7.04 0.5187
7.36 0.5813
7.72 0.6467
8.08 0.704
9.84 0.6675
10.0 0.6768
10.12 0.6734
10.16 0.6823
6.72 0.4192
7.08 0.4859
7.36 0.5678
7.72 0.617
8.36 0.6389
8.48 0.6265
10.08 0.6868
10.2 0.6831
10.28 0.6807
6.92 0.4416
7.24 0.5149
7.4 0.5377
7.76 0.605
8.16 0.6778
9.84 0.6378
10.08 0.632
10.24 0.647
10.36 0.654
6.88 0.4089
7.24 0.5031
7.56 0.5676
7.8 0.5831
8.24 0.5489
8.56 0.5971
10.2 0.623
10.28 0.6404
10.52 0.6567
6.88 0.3671
7.24 0.464
7.6 0.5406
7.88 0.6068
8.36 0.5634
10.08 0.5957
10.28 0.6433
10.44 0.6617
10.48 0.6221
7.08 0.3699
7.24 0.4261
7.6 0.5144
7.96 0.591
9.96 0.5553
8.56 0.5591
10.28 0.5742
10.36 0.5742
17.88 0.7145
7.0 0.332
7.4 0.4324
7.64 0.4772
8.08 0.4076
8.48 0.4995
8.84 0.5763
10.36 0.5854
10.48 0.5921
10.72 0.6177
6.92 0.2561
7.4 0.4019
7.6 0.4444
8.2 0.4273
10.2 0.5267
10.36 0.5969
10.4 0.5631
10.52 0.5732
10.72 0.6223
7.08 0.2748
7.28 0.3334
7.76 0.4594
7.96 0.5101
8.76 0.5101
8.88 0.5182
10.6 0.578
10.72 0.5887
10.88 0.5946
7.16 0.2861
7.44 0.3696
7.68 0.4249
8.12 0.5235
8.6 0.4519
10.52 0.5103
10.64 0.5195
10.76 0.5305
10.96 0.5647
6.96 0.1807
7.28 0.2756
7.84 0.4379
8.28 0.3809
10.36 0.4189
10.48 0.4434
10.64 0.4736
10.6 0.4561
11.04 0.5324
7.08 0.1742
7.48 0.302
7.76 0.3745
8.16 0.5027
8.88 0.4632
8.88 0.4431
10.84 0.4959
10.96 0.5148
11.08 0.5242
7.28 0.1961
7.56 0.312
7.84 0.3958
8.12 0.4577
10.4 0.3744
10.52 0.3979
10.68 0.4279
10.8 0.446
10.96 0.48
7.36 0.1797
7.28 0.1974
7.64 0.3077
8.24 0.2521
8.84 0.3845
8.84 0.3729
11.0 0.4708
11.16 0.5011
11.28 0.5168
6.32 0.616
6.68 0.653
7.0 0.6967
17.44 0.6986
7.72 0.7006
17.84 0.7098
17.76 0.7237
18.96 0.7149
18.84 0.7286
6.4 0.5951
6.72 0.6333
7.08 0.6859
7.44 0.7265
17.12 0.6511
18.2 0.6512
9.4 0.7255
9.52 0.7244
18.36 0.7551
6.48 0.5635
6.8 0.6108
7.12 0.6676
7.48 0.7106
7.84 0.6673
9.24 0.689
18.84 0.6559
18.64 0.7041
9.88 0.7309
6.52 0.5439
6.84 0.5981
7.2 0.6519
7.56 0.703
16.88 0.6489
17.96 0.6634
9.6 0.7218
9.72 0.7266
9.88 0.7321
6.56 0.5092
6.88 0.5798
7.24 0.6352
7.64 0.6846
7.96 0.7387
8.32 0.6985
18.56 0.6988
9.72 0.7073
10.08 0.7475
6.6 0.4957
6.96 0.5577
7.28 0.6073
7.6 0.6716
8.08 0.654
9.56 0.6879
18.8 0.6396
9.88 0.6989
10.0 0.7025
6.68 0.4746
7.0 0.5352
7.32 0.5943
7.64 0.6543
8.08 0.6072
9.68 0.6666
9.84 0.6798
9.96 0.681
10.24 0.7126
6.68 0.4542
7.0 0.5139
7.36 0.5735
7.72 0.6355
8.08 0.7028
9.8 0.6616
9.92 0.6635
10.08 0.6789
10.2 0.679
6.76 0.4235
7.08 0.491
7.4 0.56
7.72 0.6167
8.08 0.585
8.56 0.6406
10.08 0.6847
10.2 0.6825
10.24 0.6672
6.92 0.4419
7.24 0.5134
7.4 0.5379
7.76 0.5926
8.32 0.5844
9.84 0.6443
10.12 0.6404
10.2 0.6374
10.4 0.678
6.92 0.4036
7.24 0.4975
7.56 0.5629
7.8 0.5833
8.24 0.5455
8.56 0.5982
10.16 0.6256
10.32 0.6472
10.52 0.6592
6.88 0.3702
7.24 0.4666
7.6 0.5458
7.96 0.6041
8.4 0.5606
10.12 0.6036
10.32 0.5603
10.4 0.559
10.48 0.6216
7.04 0.3789
7.24 0.4322
7.6 0.5124
8.0 0.5835
10.0 0.5692
8.56 0.5644
10.24 0.5695
10.4 0.5884
10.64 0.6321
6.92 0.3486
7.4 0.4483
7.6 0.4793
8.08 0.4074
8.48 0.4992
8.88 0.5739
10.36 0.5664
10.48 0.5822
10.72 0.6121
6.92 0.2604
7.36 0.4001
7.6 0.4429
8.2 0.4329
8.64 0.5236
10.36 0.5525
10.4 0.5443
10.56 0.5636
10.72 0.5812
7.08 0.2749
7.24 0.3469
7.72 0.4729
7.92 0.512
8.48 0.4341
8.88 0.5245
10.48 0.5338
10.56 0.5343
10.88 0.5939
7.16 0.2945
7.44 0.3683
8.12 0.3858
8.12 0.5212
8.56 0.4538
10.52 0.5135
10.6 0.5167
10.72 0.5319
10.92 0.5577
6.92 0.1649
7.32 0.2832
7.84 0.42
8.24 0.3911
10.28 0.4056
10.44 0.4323
10.56 0.4477
10.64 0.4527
11.04 0.5325
7.12 0.1725
7.44 0.2957
7.72 0.3797
8.52 0.3681
10.6 0.4667
8.92 0.451
10.84 0.4982
10.96 0.5181
11.12 0.5397
7.24 0.2133
7.56 0.3113
7.8 0.3916
8.08 0.2421
10.44 0.3832
10.56 0.4112
10.76 0.4376
10.8 0.4427
10.96 0.4788
7.36 0.178
7.28 0.1863
7.64 0.3042
8.2 0.245
8.88 0.3834
8.88 0.3667
11.08 0.4943
11.16 0.5028
11.28 0.5168
6.32 0.6118
6.68 0.6526
7.0 0.6996
7.36 0.746
7.72 0.6975
9.16 0.7173
9.28 0.7225
9.48 0.743
18.92 0.7307
6.4 0.5964
6.68 0.628
7.08 0.6814
7.4 0.7283
17.08 0.6421
18.28 0.6441
18.04 0.715
9.64 0.7432
9.72 0.7423
6.48 0.5619
6.8 0.6169
7.12 0.6687
7.48 0.711
7.84 0.6724
17.44 0.7053
18.76 0.668
18.64 0.7112
18.56 0.7511
6.56 0.5438
6.84 0.5911
7.24 0.6555
7.52 0.6985
8.12 0.6926
18.04 0.6776
18.16 0.6981
9.44 0.6833
9.92 0.7367
6.56 0.508
6.88 0.5788
7.24 0.6317
7.6 0.6843
7.96 0.7383
9.48 0.6911
18.52 0.7074
9.72 0.7101
18.48 0.7403
6.6 0.4928
6.96 0.56
7.28 0.614
7.6 0.6747
8.16 0.656
17.64 0.6805
18.8 0.7181
17.68 0.7389
18.8 0.7058
6.68 0.4723
6.96 0.5379
7.28 0.5934
7.64 0.6522
7.96 0.612
8.44 0.6655
9.8 0.6699
9.96 0.6824
10.24 0.714
6.72 0.4547
7.04 0.5037
7.4 0.5668
7.72 0.6365
8.12 0.7029
9.8 0.6601
9.92 0.6606
10.08 0.6727
10.2 0.6806
6.72 0.4197
7.16 0.5182
7.4 0.5559
7.72 0.6183
8.12 0.58
8.52 0.641
10.08 0.686
10.2 0.683
10.32 0.6948
6.92 0.4405
7.24 0.5178
7.4 0.5342
9.92 0.7859
8.16 0.678
9.84 0.6358
10.08 0.6386
10.24 0.6446
10.4 0.6703
6.92 0.4039
7.24 0.5006
7.56 0.5623
7.8 0.5824
8.24 0.5492
8.6 0.6049
10.2 0.6323
10.32 0.6515
10.52 0.6608
6.88 0.3695
7.08 0.4161
7.6 0.5404
8.0 0.6032
8.4 0.5595
10.08 0.5954
10.28 0.6203
10.44 0.633
10.48 0.6204
7.04 0.3813
7.24 0.4306
7.6 0.5134
8.0 0.5849
9.96 0.5557
8.56 0.5573
10.28 0.5947
10.4 0.6092
10.64 0.6306
6.96 0.3412
7.4 0.4456
7.56 0.4751
7.96 0.5725
8.36 0.5212
10.16 0.5369
10.36 0.5509
10.44 0.5504
10.52 0.5708
6.92 0.2584
7.36 0.3987
7.76 0.4939
8.2 0.4323
8.64 0.5227
10.36 0.5462
10.4 0.5436
10.56 0.5648
10.72 0.5729
7.04 0.2694
7.44 0.4089
7.68 0.4695
7.96 0.5028
8.32 0.4491
10.36 0.5198
10.44 0.5183
17.52 0.6707
10.8 0.5623
7.16 0.2873
7.44 0.3733
8.12 0.3828
8.12 0.3552
8.52 0.4517
10.48 0.5039
10.6 0.5177
10.72 0.5274
10.88 0.5493
6.92 0.1658
7.28 0.2719
7.84 0.4314
8.24 0.3911
10.32 0.4305
10.44 0.4599
10.56 0.4682
10.68 0.4792
11.0 0.5421
7.12 0.1816
7.44 0.2974
7.72 0.3751
8.6 0.3823
8.52 0.3587
8.96 0.471
10.84 0.5024
10.96 0.5216
11.08 0.5379
7.24 0.2111
7.56 0.3104
7.84 0.3926
8.12 0.2406
10.44 0.3838
10.6 0.4225
10.76 0.442
10.84 0.4489
11.0 0.4913
7.36 0.1793
7.28 0.1879
7.68 0.3093
8.24 0.2405
8.88 0.3781
8.88 0.3656
11.12 0.4983
11.2 0.5087
11.28 0.5134
6.28 0.597
6.6 0.6622
16.4 0.763
7.32 0.7448
7.72 0.6948
17.96 0.6778
17.68 0.7235
18.92 0.7031
18.76 0.7251
6.4 0.5904
6.68 0.629
7.08 0.6793
7.4 0.7307
17.16 0.6336
18.36 0.659
18.44 0.6901
9.6 0.7354
9.76 0.7497
6.48 0.5672
6.8 0.6152
7.12 0.6631
7.52 0.7127
7.8 0.6726
17.52 0.6935
17.48 0.723
18.76 0.7125
18.68 0.7321
6.52 0.5404
6.8 0.5953
7.2 0.6567
7.52 0.7
8.12 0.6955
18.08 0.6858
17.76 0.7192
9.84 0.7304
9.88 0.7305
6.56 0.5073
6.88 0.5786
7.24 0.6332
7.6 0.6827
7.96 0.7365
9.52 0.6821
18.52 0.7033
9.72 0.7119
10.0 0.7048
6.6 0.4905
6.96 0.5579
7.28 0.6075
7.6 0.669
8.12 0.6504
17.56 0.6683
8.68 0.685
17.56 0.7354
18.76 0.7097
6.68 0.4725
6.96 0.5363
7.28 0.5963
7.64 0.6528
8.04 0.7151
8.44 0.6626
9.8 0.6731
10.08 0.704
10.24 0.7157
6.72 0.4574
7.0 0.5172
7.28 0.587
7.72 0.6377
8.08 0.7035
9.8 0.6567
9.96 0.669
10.12 0.6792
10.2 0.6793
6.72 0.4162
7.16 0.5145
7.4 0.5545
7.72 0.6176
8.12 0.5752
8.56 0.6307
10.04 0.6753
10.2 0.6827
10.36 0.6854
6.88 0.4468
7.2 0.5046
7.4 0.5349
7.72 0.6066
8.32 0.6135
9.84 0.6354
10.08 0.6432
10.24 0.6504
10.36 0.6748
6.92 0.4064
7.24 0.496
7.56 0.561
7.8 0.5848
8.24 0.5456
8.6 0.5901
10.28 0.6413
10.32 0.6476
10.52 0.6611
6.88 0.3676
7.28 0.4813
7.56 0.5366
8.0 0.602
8.4 0.5558
10.12 0.6085
10.24 0.6154
10.36 0.6206
10.52 0.6385
7.04 0.3823
7.24 0.4315
7.56 0.5099
7.96 0.5893
9.96 0.5549
8.56 0.5602
10.32 0.6037
10.44 0.6122
10.64 0.63
6.96 0.3403
7.36 0.438
7.6 0.4805
7.96 0.5675
8.44 0.4962
10.16 0.5426
10.44 0.6004
10.56 0.6104
10.56 0.577
6.88 0.2563
7.36 0.3929
7.76 0.4942
8.2 0.4405
8.68 0.5197
10.36 0.5475
10.4 0.5464
10.52 0.5558
10.72 0.5752
7.04 0.27
7.44 0.4169
7.68 0.4607
8.08 0.5507
10.16 0.4824
10.28 0.4941
10.44 0.5186
10.56 0.5324
10.72 0.5418
7.2 0.2749
7.44 0.3609
8.16 0.3687
8.12 0.3552
8.6 0.4553
10.48 0.4985
10.64 0.5418
10.76 0.5495
10.88 0.5442
6.92 0.1615
7.52 0.3488
7.84 0.4302
8.2 0.3946
10.28 0.4197
10.36 0.4616
10.52 0.4617
10.68 0.4831
11.0 0.5449
7.08 0.1821
7.44 0.2948
7.72 0.3708
8.56 0.3726
8.52 0.3574
9.0 0.4723
10.84 0.4996
10.96 0.513
11.08 0.5315
7.28 0.1885
7.6 0.3035
7.88 0.3864
8.56 0.3856
8.6 0.3844
10.76 0.4453
10.88 0.4645
11.04 0.4892
11.12 0.5065
7.36 0.1807
7.28 0.1859
7.64 0.3092
8.24 0.2496
8.84 0.38
8.88 0.3662
11.08 0.4918
11.16 0.5003
11.28 0.5127
6.32 0.6066
6.64 0.6493
6.96 0.695
7.32 0.7379
7.68 0.6947
17.84 0.6657
17.72 0.7376
18.84 0.7025
17.88 0.7683
6.36 0.5879
6.68 0.6281
7.08 0.677
7.44 0.7333
17.16 0.6617
18.36 0.6359
9.52 0.7508
9.68 0.7299
9.72 0.7436
6.48 0.5595
6.8 0.6099
7.12 0.6652
7.44 0.7201
7.84 0.6601
17.6 0.6987
17.52 0.7076
18.68 0.7188
18.68 0.7332
6.56 0.5429
6.8 0.592
7.2 0.651
7.56 0.6953
8.0 0.6511
18.0 0.6525
9.48 0.6804
9.84 0.7219
9.92 0.7384
6.52 0.5277
6.88 0.5773
7.2 0.6349
7.6 0.6869
7.96 0.7364
8.32 0.6945
18.52 0.6793
9.76 0.7133
9.96 0.7116
6.6 0.4913
6.92 0.5433
7.24 0.6092
7.72 0.5966
8.0 0.7213
17.48 0.6687
9.64 0.6674
18.96 0.7151
10.0 0.7122
6.68 0.4777
7.0 0.5397
7.32 0.5974
7.68 0.655
8.0 0.7217
8.44 0.6672
9.88 0.6611
10.0 0.6844
10.2 0.7191
6.72 0.4521
7.0 0.5109
7.32 0.5757
7.72 0.6386
8.08 0.7036
9.88 0.6721
9.92 0.6569
10.12 0.6884
10.2 0.6812
6.72 0.4261
7.04 0.4936
7.36 0.5614
7.72 0.6184
8.12 0.6829
8.52 0.6379
10.04 0.6781
10.2 0.6841
10.24 0.6858
6.92 0.4403
7.24 0.5076
7.44 0.5366
7.76 0.6007
8.08 0.6751
9.92 0.6167
10.0 0.6305
10.2 0.6313
10.32 0.6443
6.92 0.4078
7.24 0.4992
7.6 0.55
7.76 0.5862
8.48 0.6011
8.52 0.5935
10.2 0.6444
10.36 0.6409
10.48 0.6602
6.88 0.3633
7.32 0.4701
7.6 0.5287
7.92 0.6038
8.16 0.6394
10.16 0.6219
10.16 0.601
10.32 0.623
10.56 0.6487
7.08 0.3864
7.24 0.4222
7.6 0.5014
9.32 0.701
10.0 0.5721
8.64 0.5556
10.28 0.5989
10.52 0.6136
10.68 0.6252
7.0 0.3364
7.44 0.4475
7.6 0.4784
8.0 0.5665
8.36 0.6377
10.24 0.5676
10.48 0.5856
10.56 0.6133
10.64 0.5965
7.16 0.3472
7.4 0.3933
7.76 0.4915
8.2 0.4203
8.6 0.5076
10.44 0.5798
10.52 0.5725
10.68 0.5935
10.72 0.5987
7.08 0.274
7.72 0.3385
7.72 0.4655
8.08 0.5402
8.44 0.4313
8.84 0.5182
10.52 0.5511
10.72 0.5584
10.84 0.6108
7.16 0.2673
7.48 0.3587
8.16 0.3684
8.12 0.3546
8.6 0.4525
10.56 0.5171
10.68 0.5542
10.72 0.5437
10.92 0.5474
6.92 0.1736
7.28 0.2695
7.88 0.4324
8.24 0.3855
10.24 0.4503
10.48 0.4858
10.56 0.4597
10.88 0.525
10.88 0.5211
7.12 0.1821
7.44 0.296
7.72 0.372
8.52 0.3573
10.36 0.3986
9.0 0.4639
10.84 0.4885
10.76 0.4638
11.08 0.514
7.24 0.1795
7.56 0.3159
7.8 0.4029
8.12 0.2381
8.6 0.3831
10.8 0.4565
10.88 0.4683
10.96 0.4811
11.16 0.5137
6.76 0.0038
7.28 0.1773
7.68 0.3101
8.16 0.241
8.84 0.3759
8.88 0.3621
11.12 0.5042
11.16 0.5013
11.32 0.5263
6.28 0.6047
6.64 0.6504
6.96 0.6921
7.32 0.7362
16.56 0.6812
17.84 0.6566
17.64 0.7307
18.88 0.7007
18.92 0.7424
6.36 0.5825
6.68 0.6226
7.08 0.6786
7.44 0.7318
17.16 0.6521
18.4 0.6439
18.0 0.7319
9.64 0.7305
9.72 0.7437
6.48 0.5586
6.8 0.6114
7.16 0.6639
7.48 0.7022
7.8 0.6677
17.56 0.6957
18.96 0.6412
18.68 0.703
18.68 0.7324
6.56 0.5404
6.8 0.5818
7.2 0.6482
7.56 0.7033
16.84 0.6528
17.92 0.6701
9.48 0.6842
9.8 0.7102
9.88 0.7272
6.6 0.524
6.88 0.5821
7.2 0.6368
7.56 0.6828
7.96 0.7356
9.56 0.6907
9.6 0.6792
18.4 0.713
10.12 0.7373
6.6 0.4932
6.92 0.5497
7.28 0.6055
7.76 0.5945
8.0 0.7212
17.52 0.6692
9.68 0.681
18.84 0.7013
10.04 0.698
6.64 0.4676
6.96 0.5317
7.32 0.5918
7.68 0.6553
8.04 0.7197
8.44 0.667
9.88 0.6605
10.0 0.6833
10.12 0.7051
6.72 0.4495
7.0 0.5085
7.36 0.5728
7.92 0.5751
8.12 0.7018
9.76 0.6533
9.88 0.6594
10.0 0.6677
10.2 0.6746
6.84 0.4618
7.16 0.5362
7.4 0.5606
7.72 0.6188
8.08 0.6931
8.52 0.6331
10.08 0.6773
10.2 0.6787
11.6 0.67
6.92 0.4431
7.24 0.5069
7.44 0.5376
7.76 0.6006
8.08 0.677
9.92 0.636
10.0 0.6378
10.32 0.648
10.32 0.6594
6.92 0.4014
7.2 0.4883
7.64 0.5562
9.16 0.7273
8.48 0.603
8.56 0.5904
10.2 0.646
10.36 0.6368
10.48 0.6661
6.88 0.3611
7.36 0.4729
7.6 0.531
7.96 0.6053
8.16 0.6379
10.12 0.6046
10.2 0.6092
10.28 0.6007
10.52 0.6335
7.08 0.3856
7.2 0.4265
7.6 0.5014
8.0 0.588
10.0 0.5717
8.64 0.5527
10.28 0.6023
10.48 0.6033
10.64 0.6252
7.0 0.3358
7.4 0.4391
7.6 0.4787
8.0 0.4159
8.44 0.4975
8.8 0.5677
10.48 0.5889
10.6 0.6242
10.68 0.6069
7.12 0.3456
7.4 0.3974
7.76 0.4948
8.2 0.4254
8.56 0.5122
10.36 0.5475
10.52 0.5749
10.64 0.5837
10.76 0.5919
7.0 0.2721
7.72 0.3424
7.72 0.457
8.4 0.4388
8.76 0.5173
8.84 0.5159
10.52 0.55
10.72 0.5589
12.36 0.6136
7.16 0.2736
7.48 0.3484
8.16 0.3565
8.16 0.3542
8.6 0.4508
10.56 0.5137
10.68 0.5513
10.8 0.5594
10.92 0.5559
6.92 0.1736
7.24 0.2711
7.84 0.4322
8.24 0.3894
10.4 0.4551
10.48 0.4847
10.56 0.4751
10.84 0.5146
10.96 0.5433
7.08 0.1745
7.48 0.2886
8.04 0.2277
8.6 0.3819
8.56 0.3655
8.96 0.479
10.84 0.5072
11.04 0.5153
11.0 0.5211
7.24 0.1804
7.56 0.3017
7.88 0.3851
10.48 0.3892
8.64 0.3777
10.76 0.4464
10.88 0.4764
11.0 0.4922
11.16 0.5142
6.8 0.0058
7.28 0.1861
7.64 0.3011
8.16 0.2408
8.88 0.3711
8.88 0.3654
11.12 0.506
11.2 0.5131
11.28 0.5172
6.28 0.6062
6.64 0.6528
6.96 0.6923
7.32 0.7349
18.68 0.7561
17.84 0.669
17.6 0.717
18.92 0.7332
18.96 0.7386
6.36 0.5732
6.72 0.6265
7.08 0.6754
7.4 0.7164
17.16 0.6574
18.44 0.6312
18.04 0.7195
9.56 0.7207
18.28 0.7539
6.48 0.559
6.8 0.6121
7.16 0.66
7.48 0.7029
7.88 0.6648
17.6 0.703
17.52 0.726
18.64 0.7054
18.72 0.7536
6.56 0.5394
6.76 0.5846
7.2 0.6484
7.56 0.7011
16.8 0.6536
17.96 0.6767
9.52 0.6913
9.8 0.7331
9.88 0.7185
6.56 0.5237
6.84 0.569
7.24 0.6173
7.6 0.6803
7.92 0.7399
8.28 0.6896
18.44 0.6881
9.76 0.7024
9.84 0.6855
6.6 0.4831
6.92 0.5487
7.24 0.6078
7.64 0.659
8.0 0.7248
17.52 0.6659
9.76 0.6966
9.6 0.6447
18.76 0.7057
6.64 0.4691
7.0 0.5281
7.32 0.5962
7.68 0.6547
8.04 0.7188
8.4 0.6629
9.92 0.6736
10.0 0.6836
10.2 0.7234
6.72 0.4462
7.04 0.5064
7.36 0.5703
7.72 0.6358
8.12 0.7016
9.76 0.6533
9.88 0.6597
10.0 0.6674
10.2 0.6771
6.84 0.4653
7.2 0.5252
7.36 0.5618
7.72 0.6183
8.12 0.6885
8.52 0.6361
10.04 0.6547
11.48 0.6888
11.6 0.6729
6.92 0.4443
7.2 0.5111
7.56 0.573
7.76 0.6028
8.08 0.6744
9.92 0.6399
10.0 0.6321
10.24 0.6501
10.36 0.6657
6.92 0.4017
7.2 0.4841
7.6 0.5499
7.76 0.5865
8.48 0.606
8.56 0.5922
10.2 0.6469
10.32 0.6311
10.48 0.6637
6.84 0.3635
7.32 0.4851
7.6 0.5362
7.96 0.6088
8.12 0.6454
8.76 0.6162
10.2 0.6084
10.4 0.6222
10.52 0.638
7.0 0.3978
7.2 0.4344
7.6 0.4954
7.96 0.5962
9.96 0.5611
8.6 0.5526
10.24 0.5848
10.48 0.6012
10.68 0.6247
7.0 0.3336
7.4 0.4438
7.6 0.4836
7.96 0.5725
8.44 0.4958
8.76 0.5535
15.6 0.4594
10.6 0.6115
10.68 0.6075
7.16 0.3445
7.4 0.4073
7.76 0.4957
8.12 0.4285
8.6 0.5182
10.28 0.5586
10.48 0.5604
10.64 0.5828
10.72 0.6035
7.08 0.2658
7.28 0.3364
7.64 0.4643
8.48 0.4515
10.28 0.5005
10.48 0.5169
10.56 0.527
10.6 0.5589
10.88 0.5617
7.16 0.264
7.44 0.3576
8.16 0.3596
8.16 0.3486
8.56 0.4611
10.52 0.5033
10.68 0.5512
10.76 0.5536
10.92 0.5517
6.96 0.174
7.24 0.2717
7.88 0.4289
8.24 0.3871
10.36 0.4399
10.4 0.4626
10.56 0.4702
10.84 0.5139
10.96 0.5387
7.08 0.1855
7.48 0.2866
7.72 0.3706
8.6 0.381
8.56 0.3538
10.64 0.4459
10.8 0.4703
11.04 0.5193
11.0 0.5202
7.2 0.1859
7.56 0.2959
7.88 0.382
8.08 0.2311
8.6 0.373
10.8 0.4634
10.88 0.4752
10.92 0.4697
11.16 0.5151
7.32 0.1833
7.24 0.185
7.64 0.2994
8.16 0.2415
8.84 0.3709
8.84 0.3717
11.04 0.4881
11.12 0.4939
11.24 0.5114
6.32 0.6052
6.68 0.6517
6.96 0.6865
7.32 0.7346
18.64 0.7304
17.88 0.6651
17.64 0.7184
9.56 0.7368
18.92 0.7466
6.4 0.5886
6.72 0.6231
7.08 0.6803
7.44 0.7289
17.16 0.6572
18.12 0.6597
18.04 0.7363
18.2 0.7187
18.28 0.7614
6.44 0.5558
6.8 0.607
7.16 0.6571
7.48 0.7018
7.88 0.6632
17.56 0.6995
18.96 0.6502
18.68 0.7138
18.68 0.7509
6.56 0.5444
6.88 0.6035
7.2 0.6427
7.56 0.7014
16.8 0.6385
18.0 0.6842
18.96 0.6525
17.76 0.6915
9.88 0.726
6.56 0.5152
6.88 0.5713
7.28 0.6186
7.56 0.6798
7.96 0.7356
8.28 0.6955
18.48 0.7016
18.28 0.6986
10.08 0.743
6.6 0.4841
6.92 0.5444
7.28 0.604
7.64 0.6598
7.96 0.7269
17.48 0.683
9.76 0.6926
9.92 0.7149
10.08 0.7147
6.64 0.4677
6.96 0.5308
7.28 0.594
7.64 0.6492
8.04 0.7149
8.4 0.6633
18.04 0.6942
10.04 0.6977
10.2 0.7227
6.68 0.4508
7.12 0.5304
7.36 0.572
7.72 0.6316
8.08 0.6986
9.76 0.653
9.92 0.6679
10.0 0.6678
10.24 0.6817
6.84 0.4648
7.16 0.5362
7.4 0.5587
7.72 0.6173
8.12 0.685
8.56 0.6371
10.04 0.6654
10.2 0.6796
10.32 0.6688
6.92 0.4436
7.2 0.5079
7.56 0.5774
7.76 0.6026
8.08 0.6729
9.96 0.6491
10.04 0.6561
10.24 0.65
10.36 0.6651
6.88 0.4075
7.24 0.4812
7.64 0.5581
7.72 0.5874
8.48 0.6035
8.56 0.5911
10.2 0.645
10.32 0.6307
10.52 0.6615
6.84 0.3627
7.28 0.4826
7.6 0.537
7.92 0.6003
8.16 0.6396
10.2 0.6211
10.2 0.6127
10.36 0.6137
10.52 0.6318
7.0 0.4043
7.24 0.4299
7.6 0.5004
7.96 0.5945
10.0 0.5708
8.6 0.5521
10.28 0.5908
10.48 0.6021
10.64 0.6255
6.96 0.3367
7.4 0.4346
7.6 0.481
7.96 0.5717
8.4 0.5007
8.76 0.5591
10.44 0.5736
10.6 0.5843
10.68 0.6054
7.16 0.3405
7.36 0.3992
7.76 0.4958
8.08 0.4289
8.6 0.5147
10.32 0.5694
10.52 0.5658
10.6 0.5663
10.68 0.5935
7.08 0.2644
7.28 0.335
7.96 0.3944
8.48 0.4497
10.28 0.5116
10.52 0.5119
10.56 0.5203
10.6 0.5588
10.92 0.5574
7.16 0.2631
7.44 0.3431
8.16 0.3653
8.12 0.3534
8.56 0.4608
10.52 0.5099
10.64 0.5395
10.72 0.5431
10.92 0.5573
6.96 0.1756
7.52 0.3564
7.84 0.4272
8.24 0.3904
10.4 0.451
10.48 0.4775
10.64 0.4724
10.92 0.5287
11.0 0.53
7.04 0.183
7.48 0.2864
7.72 0.3664
8.56 0.3847
10.6 0.4624
9.0 0.4842
10.84 0.5188
11.0 0.5086
11.04 0.534
7.2 0.1964
7.52 0.318
7.8 0.4047
8.0 0.2601
8.6 0.394
10.76 0.4357
10.88 0.4601
10.88 0.461
11.08 0.4818
6.8 0.0058
7.24 0.1912
7.64 0.2983
8.16 0.242
8.84 0.3715
10.96 0.4788
11.04 0.4864
11.16 0.5048
11.28 0.5213
6.32 0.6041
6.68 0.6506
7.0 0.6934
7.32 0.739
7.68 0.6951
9.24 0.7231
18.92 0.6582
18.84 0.6994
18.88 0.7294
6.4 0.581
6.72 0.6246
7.04 0.6776
7.44 0.7235
7.8 0.7736
18.28 0.6234
18.08 0.7194
17.96 0.7356
9.72 0.7518
6.44 0.5583
6.8 0.6094
7.16 0.6547
7.48 0.7059
7.88 0.6637
17.6 0.7124
18.92 0.63
18.64 0.7021
18.72 0.7516
6.52 0.5355
6.88 0.5909
7.2 0.6487
7.56 0.7012
16.8 0.655
17.92 0.4805
9.68 0.7258
9.84 0.7407
9.92 0.7319
6.56 0.5156
6.88 0.5658
7.24 0.6171
7.56 0.6771
7.96 0.732
8.32 0.6876
9.64 0.7068
18.28 0.7173
10.12 0.7401
6.64 0.4933
6.92 0.5511
7.28 0.6022
7.64 0.6584
7.96 0.7275
17.56 0.6747
9.76 0.6924
18.92 0.7029
10.04 0.6941
6.64 0.464
7.0 0.5313
7.32 0.5902
7.64 0.648
8.04 0.7143
8.44 0.6511
9.92 0.698
10.04 0.6985
10.24 0.7267
6.68 0.4516
7.12 0.5308
7.36 0.575
7.72 0.6321
8.08 0.6973
9.76 0.6587
9.92 0.6622
10.04 0.6758
10.24 0.6818
6.88 0.4614
7.2 0.5258
7.48 0.5856
7.72 0.6164
8.08 0.6829
8.56 0.6368
10.08 0.6626
10.2 0.6758
10.4 0.6863
6.92 0.4363
7.2 0.5142
7.56 0.5777
7.76 0.6012
8.08 0.6709
9.92 0.6347
10.04 0.6568
10.28 0.6583
10.36 0.6656
6.88 0.4056
7.24 0.478
7.6 0.557
7.88 0.6269
8.48 0.6013
8.56 0.5885
10.2 0.6459
10.32 0.6322
10.48 0.6639
6.84 0.3585
7.28 0.4567
7.64 0.5387
7.96 0.6078
8.2 0.6371
10.08 0.6053
10.28 0.6247
10.36 0.618
10.36 0.6014
7.0 0.3734
7.2 0.4299
7.6 0.5009
8.0 0.5946
10.0 0.5711
8.6 0.5501
10.24 0.5842
10.48 0.6191
10.68 0.6194
6.92 0.3201
7.4 0.4367
7.6 0.4802
8.04 0.4229
8.44 0.5018
8.76 0.5708
10.44 0.57
10.56 0.5741
10.6 0.5885
7.16 0.3432
7.36 0.3941
7.76 0.4952
8.16 0.4448
8.56 0.5214
10.32 0.5643
10.48 0.5686
10.64 0.5867
10.64 0.5886
7.08 0.2672
7.32 0.3444
8.0 0.3895
8.48 0.4511
10.28 0.5048
8.88 0.5189
10.6 0.5331
10.6 0.5416
10.88 0.5484
7.2 0.2635
7.44 0.3502
7.68 0.4138
8.12 0.3514
8.56 0.4548
10.52 0.5108
10.68 0.5467
10.8 0.5578
10.92 0.5559
6.88 0.1808
7.32 0.2713
7.84 0.4294
8.04 0.4816
8.88 0.4738
10.6 0.5015
10.64 0.5107
10.88 0.5217
11.0 0.5628
7.08 0.1847
7.48 0.2823
8.0 0.223
8.56 0.3943
8.92 0.4596
10.6 0.4683
10.76 0.4952
11.04 0.5236
11.0 0.5244
7.2 0.1872
7.52 0.3189
7.84 0.3765
8.08 0.2376
8.56 0.3922
10.64 0.4484
10.76 0.4659
10.84 0.4812
11.0 0.4944
7.32 0.1888
7.28 0.1837
7.92 0.3928
8.16 0.2403
8.84 0.376
10.92 0.4797
11.0 0.4827
11.16 0.5072
11.2 0.5109
6.32 0.6074
6.64 0.6464
6.96 0.6944
7.32 0.7373
16.68 0.6909
17.36 0.7005
18.92 0.6724
18.8 0.6938
18.92 0.7381
6.4 0.5802
6.72 0.6194
7.08 0.6721
7.4 0.7181
18.28 0.7211
18.28 0.615
18.04 0.7215
9.56 0.7416
9.8 0.7591
6.48 0.5552
6.8 0.6049
7.16 0.6551
7.52 0.7105
7.8 0.663
17.64 0.7149
17.52 0.7285
18.76 0.7129
18.6 0.7531
6.52 0.5338
6.88 0.5948
7.24 0.6513
7.56 0.6992
16.8 0.6527
18.0 0.6679
9.64 0.7231
9.8 0.726
9.92 0.7271
6.52 0.5079
6.88 0.5701
7.2 0.6165
7.56 0.6795
7.92 0.7416
8.32 0.6825
18.4 0.689
18.32 0.7128
10.16 0.7353
6.6 0.4852
6.92 0.5502
7.28 0.5999
7.6 0.6627
8.0 0.7257
17.56 0.6797
9.8 0.7035
9.88 0.6949
10.04 0.7008
6.64 0.465
6.96 0.533
7.32 0.5918
7.72 0.5447
8.04 0.7163
8.44 0.6514
9.92 0.6909
10.08 0.7007
10.2 0.7214
6.68 0.4458
7.0 0.5073
7.36 0.5695
7.84 0.5693
8.08 0.6972
9.76 0.6614
9.92 0.6778
10.0 0.6595
10.24 0.6778
6.88 0.4621
7.2 0.526
7.48 0.5914
7.72 0.6134
8.12 0.6834
8.48 0.6475
10.08 0.6852
10.24 0.6844
10.32 0.6969
6.92 0.432
7.2 0.5123
7.56 0.5774
7.76 0.6068
8.16 0.6667
9.88 0.6135
10.08 0.6383
10.28 0.6578
10.32 0.6419
6.88 0.4039
7.24 0.4798
7.6 0.5569
7.76 0.5823
8.52 0.6
8.56 0.5881
10.2 0.6457
10.32 0.6341
16.64 0.6527
6.88 0.3665
7.28 0.4536
7.6 0.5388
7.96 0.606
8.16 0.636
10.08 0.6049
10.28 0.631
10.32 0.6107
10.36 0.609
6.96 0.3792
7.2 0.4254
7.56 0.5021
7.96 0.5698
10.0 0.5698
8.56 0.5642
10.24 0.6031
10.52 0.6286
10.64 0.6215
6.88 0.3345
7.36 0.4443
7.6 0.4788
7.92 0.5655
8.44 0.502
8.84 0.5642
10.4 0.5643
10.56 0.5739
10.72 0.6283
7.12 0.344
7.32 0.389
7.76 0.4912
8.12 0.4478
8.6 0.5123
10.28 0.5524
10.52 0.5722
10.64 0.581
10.68 0.5771
7.08 0.2701
7.28 0.3437
7.68 0.4638
8.28 0.4473
10.28 0.5047
10.52 0.513
10.56 0.5239
10.64 0.5315
10.88 0.5414
7.16 0.2692
7.4 0.3547
7.64 0.4156
8.12 0.3503
8.56 0.4576
10.52 0.5101
10.64 0.54
10.76 0.5454
10.92 0.5578
6.88 0.1854
7.32 0.28
7.8 0.4339
8.04 0.4861
8.84 0.4746
10.48 0.4519
10.68 0.4925
10.92 0.5374
11.0 0.5431
7.08 0.1805
7.48 0.2854
7.96 0.2301
8.48 0.3697
8.92 0.4659
10.64 0.4815
10.72 0.4845
11.04 0.5243
11.0 0.5245
7.24 0.1987
7.52 0.3209
7.84 0.3949
10.44 0.3886
10.48 0.3952
10.56 0.3977
10.68 0.4212
10.84 0.4592
11.04 0.4836
7.32 0.1888
7.28 0.1842
7.64 0.2985
8.12 0.2433
8.8 0.374
10.88 0.4709
9.24 0.4796
11.16 0.5098
11.2 0.5117
6.32 0.6005
6.64 0.6417
6.96 0.6932
7.36 0.7422
7.64 0.6948
18.8 0.7228
18.96 0.6615
18.92 0.7137
9.8 0.7806
6.36 0.5726
6.68 0.6204
7.08 0.672
7.44 0.7193
17.16 0.6522
18.28 0.724
18.08 0.7187
18.2 0.7411
18.36 0.7407
6.44 0.5558
6.8 0.6072
7.12 0.6562
7.52 0.7086
7.84 0.6707
17.64 0.7015
18.96 0.6543
18.64 0.7133
18.64 0.7382
6.48 0.535
6.88 0.5938
7.2 0.64
7.56 0.7022
16.8 0.651
18.0 0.6756
17.8 0.7279
9.8 0.7265
18.0 0.7285
6.52 0.5067
6.88 0.5698
7.2 0.6237
7.56 0.6849
7.92 0.7311
8.24 0.702
18.52 0.697
9.84 0.7091
10.12 0.7431
6.6 0.4837
6.92 0.5491
7.24 0.6083
7.6 0.6642
7.96 0.7273
17.48 0.668
9.76 0.6961
18.96 0.7053
10.08 0.7034
6.64 0.4646
6.96 0.5323
7.32 0.5943
7.76 0.537
8.04 0.7151
8.44 0.6548
18.2 0.6872
10.08 0.6999
10.24 0.7226
6.68 0.4515
7.04 0.5076
7.36 0.57
7.84 0.5679
8.24 0.6369
9.8 0.6693
9.96 0.6817
10.0 0.6643
10.24 0.6777
6.88 0.4611
7.16 0.5322
7.48 0.5887
7.72 0.6146
8.08 0.681
8.48 0.6423
10.08 0.6795
10.2 0.6766
11.56 0.6999
6.88 0.4285
7.2 0.5125
7.56 0.5798
7.76 0.6
8.16 0.6621
9.88 0.6179
10.12 0.6364
10.24 0.6487
10.28 0.6456
6.88 0.4055
7.24 0.4794
7.6 0.5508
7.92 0.6209
8.52 0.6015
8.56 0.5895
10.24 0.6547
10.36 0.6381
10.36 0.6371
6.84 0.3584
7.28 0.4507
7.6 0.5314
7.92 0.6136
8.16 0.6335
10.08 0.6052
10.24 0.6151
10.28 0.6013
10.4 0.6006
6.96 0.3734
7.24 0.4219
7.56 0.5029
7.92 0.5869
9.88 0.5439
8.6 0.5589
10.36 0.6117
10.52 0.6271
10.68 0.623
6.96 0.3182
7.4 0.4497
8.0 0.4303
8.24 0.5012
8.44 0.5036
8.8 0.5743
10.44 0.5709
10.6 0.5864
10.72 0.6344
7.16 0.3403
7.32 0.3993
7.76 0.4916
8.12 0.4366
8.6 0.5211
10.28 0.5607
9.04 0.5789
10.64 0.5806
10.64 0.5867
7.08 0.2701
7.32 0.3405
7.68 0.4634
8.24 0.4472
10.24 0.491
10.52 0.5155
10.6 0.5325
10.6 0.5133
10.88 0.5482
7.16 0.2733
7.4 0.3573
7.64 0.4212
8.12 0.3527
8.56 0.4593
10.52 0.5112
10.64 0.5266
10.76 0.537
10.92 0.5597
6.88 0.1855
7.56 0.3556
7.8 0.4313
8.08 0.4959
10.48 0.4694
10.48 0.452
10.68 0.495
10.88 0.5247
11.0 0.5452
7.08 0.1796
7.44 0.2902
8.0 0.2324
8.44 0.3713
8.88 0.4693
8.96 0.4851
10.8 0.5076
11.0 0.5193
11.08 0.5429
7.24 0.1982
7.52 0.3198
7.8 0.4151
10.44 0.3738
10.48 0.3928
10.6 0.4027
10.72 0.426
10.84 0.4491
11.08 0.4863
7.32 0.1925
7.28 0.1788
7.92 0.3889
8.16 0.2396
8.84 0.3723
10.92 0.4773
9.28 0.4741
11.2 0.5181
11.2 0.5077
