收集极效率
50.75
49.94
50.56
49.85
49.42
50.28
50.11
49.91
50.23
49.38
50.47
49.6
50.63
49.96
50.54
50.17
49.28
49.88
50.53
49.52
49.72
50.81
51.04
49.09
50.32
50.43
49.85
49.28
50.92
49.73
49.71
50.67
50.66
49.1
50.78
48.81
49.13
49.79
49.46
49.55
50.33
50.01
48.99
51.26
50.08
49.59
49.5
49.78
49.82
50.96
50.06
50.54
50.04
49.92
49.71
50.04
49.85
50.28
50.44
50.57
50.41
49.71
48.29
48.79
50.74
48.77
49.19
49.52
50.28
50.02
49.84
50.09
48.9
50.02
49.01
49.31
50.32
50.46
48.12
49.25
48.34
48.73
49.18
49.35
49.88
49.78
50.04
49.66
49.8
49.05
49.1
49.06
49.88
50.08
48.96
48.78
50.16
49.69
51.07
49.55
50.28
50.71
50.15
50.47
50.86
49.87
49.64
50.03
49.85
50.18
50.38
50.67
51.57
48.99
49.84
49.86
50.47
50.4
50.51
50.67
50.77
50.37
51.28
49.59
50.02
49.7
49.35
50.26
50.16
50.55
50.62
50.91
49.44
49.43
50.54
50.29
50.45
50.17
50.81
51.18
49.85
50.81
49.78
49.41
49.3
50.72
51.58
50.66
50.51
50.57
50.67
50.9
49.89
51.28
48.83
50.5
49.99
50.74
51.39
49.62
49.99
50.13
49.47
50.19
50.97
50.13
50.94
50.52
50.1
50.31
50.29
49.9
51.17
50.91
50.05
50.53
49.45
50.67
49.92
49.55
49.26
50.05
49.62
49.27
48.79
49.94
48.93
51.18
48.9
49.03
49.14
48.9
50.23
49.49
49.79
50.81
49.53
50.1
50.65
50.93
50.69
50.96
51.1
50.59
50.98
51.34
50.18
50.68
50.45
51.26
50.34
50.83
50.73
51.12
50.89
49.18
50.35
50.64
51.39
50.88
50.36
51.26
50.63
49.75
49.91
51.24
50.02
51.31
50.58
50.92
50.15
49.7
50.47
50.9
50.45
50.42
50.89
50.32
50.89
50.4
50.54
50.27
49.1
49.99
49.53
49.29
51.63
49.95
50.07
50.62
50.83
49.92
49.63
49.96
50.23
51.5
50.28
50.56
51.02
50.5
49.82
49.78
50.1
50.98
51.33
49.93
51.56
50.85
50.6
50.83
49.86
49.89
48.92
51.55
50.01
50.93
50.89
50.61
49.12
49.69
50.32
49.49
50.76
49.69
50.57
50.16
50.21
48.72
49.21
50.03
50.43
49.84
50.27
50.09
51.1
50.47
50.3
50.53
50.66
50.9
50.78
50.47
50.62
51.04
49.93
50.17
51.32
51.0
50.74
51.62
50.38
51.3
50.62
50.83
50.31
51.16
50.75
50.58
49.92
50.62
50.22
49.47
50.07
49.53
50.32
49.41
51.21
50.91
51.19
50.98
49.52
50.44
49.73
50.15
49.86
50.36
51.7
51.09
51.21
51.22
50.46
49.84
49.34
50.19
50.06
51.02
50.75
50.74
52.1
50.81
49.71
51.16
49.19
50.31
51.01
50.43
51.32
50.07
50.69
50.46
49.75
49.85
49.74
50.44
50.48
50.43
51.54
50.07
49.65
48.55
51.11
49.6
49.78
50.07
49.88
50.24
50.9
48.74
49.23
50.2
49.12
51.15
50.18
50.15
50.19
51.57
49.66
49.69
49.41
49.08
49.96
49.79
50.66
51.47
50.89
50.18
51.07
50.57
51.72
51.03
51.02
50.79
51.71
50.18
49.95
49.77
51.11
50.61
50.47
51.88
50.38
52.14
51.48
49.57
50.66
51.11
51.59
50.8
51.68
49.68
51.36
50.67
49.22
50.66
50.9
50.75
50.47
50.33
51.67
51.54
50.09
50.12
50.1
49.95
51.7
50.03
50.43
50.53
51.09
50.9
50.38
50.8
49.87
50.24
51.3
50.48
51.01
49.69
50.93
50.23
50.98
50.83
50.29
51.54
50.52
50.61
50.6
51.57
49.79
49.61
50.39
50.46
51.26
50.34
49.66
49.11
50.16
50.3
49.33
49.54
50.94
51.72
51.7
51.5
50.17
49.86
50.78
50.4
50.39
49.69
50.47
52.19
50.04
50.84
49.59
49.78
49.56
49.71
50.39
50.68
50.6
50.73
49.56
50.23
48.91
50.08
49.51
50.4
48.67
48.4
50.88
48.99
50.31
49.16
48.64
47.86
49.58
49.5
50.22
49.1
49.91
48.79
48.09
49.4
48.12
48.61
49.75
48.18
48.63
48.99
48.65
48.28
48.76
48.91
48.65
48.09
49.12
49.32
48.48
47.47
48.19
48.54
47.97
49.01
48.56
49.03
49.01
48.63
48.2
48.88
47.62
46.82
48.78
49.45
48.98
48.81
49.02
48.94
47.2
47.2
48.47
49.54
48.18
49.37
48.17
49.19
48.69
47.25
47.58
50.12
49.07
49.11
48.13
48.36
49.51
49.4
48.32
48.26
48.6
48.95
48.45
48.72
49.97
49.74
49.08
48.22
47.19
48.14
48.96
47.48
49.55
48.38
48.76
48.52
47.84
47.74
50.1
49.6
50.27
48.93
48.34
48.78
48.17
48.51
48.34
48.97
49.96
49.61
49.09
49.74
49.71
48.36
49.07
49.19
49.89
49.34
48.27
49.86
47.39
48.87
49.18
48.99
47.56
49.52
49.1
49.41
48.55
48.08
48.08
49.32
49.25
48.92
49.71
48.89
49.91
49.35
48.28
49.99
48.33
48.8
48.41
48.87
49.24
49.26
48.55
49.64
48.17
48.54
48.78
49.23
49.88
48.63
49.89
48.99
48.77
49.1
49.68
47.88
48.77
47.9
49.69
49.34
47.29
48.7
48.13
48.55
47.07
48.75
48.34
48.93
48.31
48.66
49.08
49.99
48.55
47.73
47.87
48.34
48.09
49.41
49.19
48.66
48.44
49.94
47.56
47.81
48.57
48.16
49.41
50.22
48.62
49.87
48.84
48.8
48.02
47.84
49.43
49.05
49.25
48.57
48.76
48.2
50.39
50.23
50.49
49.79
48.08
49.64
49.23
50.57
51.03
50.55
48.94
49.42
49.28
49.8
49.74
47.97
49.52
51.01
49.71
49.46
49.42
50.22
50.09
50.06
50.06
51.17
50.91
50.3
48.15
49.77
49.93
49.61
48.94
50.14
49.9
48.7
49.78
48.84
49.18
49.32
49.24
50.41
49.38
49.37
50.14
48.61
49.15
49.43
50.06
49.56
49.99
49.84
48.71
49.5
48.34
49.46
48.98
49.11
50.72
50.56
49.33
49.91
49.65
48.72
49.75
49.48
49.57
49.09
49.08
49.94
49.44
49.61
47.97
49.25
49.46
49.05
49.53
49.35
49.06
49.64
49.56
48.32
48.69
49.18
49.2
49.5
50.11
49.07
49.47
49.26
49.94
48.75
48.1
49.91
49.51
49.32
49.28
49.24
50.34
50.03
51.23
51.15
50.23
49.27
52.41
50.82
48.71
50.28
50.38
50.11
51.0
50.29
50.27
48.63
51.21
49.61
50.9
50.05
49.06
51.45
49.74
50.27
49.2
50.74
48.69
49.77
48.41
49.37
49.07
51.05
48.98
48.91
50.38
51.97
49.0
50.08
49.22
49.02
50.03
49.49
50.18
49.61
49.83
49.19
48.91
49.69
50.62
49.87
50.23
50.45
50.52
51.06
49.1
49.33
49.8
48.92
49.45
50.73
49.86
50.43
49.93
50.54
48.83
49.88
49.36
48.96
49.17
48.39
50.29
49.43
49.3
49.94
49.3
48.8
50.65
50.0
49.96
51.34
51.28
49.35
48.77
48.57
49.5
49.55
49.18
50.66
50.65
49.58
49.35
48.51
47.84
49.84
50.12
50.38
49.14
49.02
50.07
49.79
49.43
49.2
50.71
49.29
50.07
49.98
49.87
49.58
50.72
49.84
49.41
49.6
50.74
50.66
50.31
51.48
49.31
50.27
50.15
50.09
51.17
49.87
49.45
50.4
51.14
50.5
49.58
50.3
50.14
50.48
49.67
50.04
51.4
49.38
50.98
50.3
49.81
49.14
49.63
49.86
49.32
50.39
49.77
49.7
49.46
49.52
48.58
50.91
50.22
50.72
50.81
48.62
50.5
49.74
49.37
50.51
50.81
50.26
49.07
49.73
49.51
48.73
49.93
48.84
48.54
49.79
49.62
49.41
50.85
51.95
49.11
49.41
49.37
48.81
50.26
49.36
49.73
50.66
50.79
49.6
49.45
48.31
49.08
49.61
48.8
49.05
50.17
50.71
50.59
49.44
49.18
47.94
50.21
49.79
49.83
50.4
50.58
49.38
49.61
48.71
48.92
48.66
49.41
48.33
48.82
48.45
48.32
48.24
46.46
48.41
48.34
48.49
46.88
47.68
48.99
48.09
49.72
47.17
48.18
48.39
48.74
48.05
48.35
48.63
48.36
48.22
48.43
49.15
50.01
48.16
48.92
48.66
47.76
47.04
48.32
47.61
47.64
48.39
49.29
47.52
48.46
49.29
48.06
49.23
46.83
47.93
49.05
48.85
48.27
48.14
48.45
48.39
47.7
47.95
46.53
47.92
48.49
48.79
47.2
47.86
49.29
49.18
48.39
47.9
50.02
48.37
49.31
50.38
47.97
48.16
47.79
46.05
48.81
48.31
48.09
48.78
47.27
48.6
47.95
48.61
46.4
48.18
48.27
48.28
48.76
47.93
48.81
48.78
49.01
46.82
48.12
47.21
48.06
48.3
49.48
48.81
49.81
48.77
47.8
48.25
48.45
49.54
48.37
47.46
50.02
49.02
48.73
48.64
48.14
49.13
49.59
49.7
48.03
47.83
48.73
48.63
48.17
48.6
48.64
50.59
49.03
48.96
49.35
48.22
49.02
47.5
47.73
48.66
49.68
48.83
48.82
49.16
47.79
48.64
48.41
48.59
49.08
49.25
48.56
48.94
48.34
47.63
49.46
47.55
48.02
47.9
48.63
49.05
47.8
49.1
49.88
47.41
47.95
47.88
47.88
47.66
49.13
48.32
48.85
48.77
47.64
47.58
48.02
48.02
49.64
47.76
47.31
48.22
48.79
47.92
47.47
48.06
46.19
47.79
48.75
47.92
48.86
47.92
48.31
47.61
48.04
48.41
47.51
47.24
48.19
48.9
48.91
48.17
46.98
47.08
47.56
47.08
47.19
48.93
48.67
49.16
48.81
49.16
49.25
47.74
48.0
48.46
49.02
49.27
48.61
47.95
47.98
50.06
48.76
48.97
48.98
48.57
48.4
48.17
48.71
47.57
49.65
47.95
50.06
49.27
49.01
48.7
48.47
48.81
47.75
48.92
49.48
48.9
48.72
47.57
49.15
49.36
48.4
48.13
48.68
48.54
49.72
49.19
47.85
48.25
49.58
48.33
46.75
47.81
49.01
49.11
49.18
49.11
47.87
47.95
49.62
49.34
48.25
49.3
48.82
47.75
49.42
48.69
47.9
49.39
47.19
47.66
48.22
49.09
48.36
48.41
49.76
48.65
47.11
48.2
48.48
48.03
48.7
48.38
49.25
49.42
47.43
47.07
47.36
48.41
48.34
48.03
47.75
48.55
48.8
48.21
48.42
46.76
47.71
47.89
47.7
49.31
48.61
47.76
49.2
49.16
49.12
48.55
49.49
49.5
49.62
48.87
49.19
47.75
49.42
49.03
49.11
50.35
49.84
48.6
48.76
48.54
49.46
49.46
48.75
48.8
49.06
48.95
50.27
47.98
49.24
48.89
48.71
48.97
48.94
49.38
49.72
49.4
48.16
49.29
50.02
48.28
48.76
49.71
49.76
48.74
48.82
49.54
49.03
48.18
49.17
47.89
48.96
48.61
48.74
48.61
48.01
48.4
48.77
50.83
49.01
48.23
48.41
48.54
49.1
49.12
49.46
48.48
47.76
46.78
48.44
49.1
49.05
50.15
48.7
48.46
48.61
49.46
47.95
48.42
47.9
49.24
48.7
48.6
48.77
48.41
48.38
48.02
48.22
48.87
48.8
48.54
49.57
47.71
48.78
49.72
47.18
47.66
48.49
48.58
49.01
47.66
48.26
49.95
49.26
49.16
48.92
49.12
48.72
49.28
49.21
48.54
49.62
49.07
48.68
49.21
49.78
49.61
50.39
49.72
49.48
49.35
50.54
48.94
48.69
49.87
50.38
49.55
49.19
51.04
49.09
49.45
48.81
48.57
49.51
50.49
49.27
47.93
49.15
50.04
49.38
49.23
48.06
49.4
49.63
49.55
49.08
49.84
48.64
48.93
49.2
49.5
49.9
49.11
50.3
49.44
50.0
48.83
48.94
49.56
48.52
49.18
48.51
48.76
49.5
50.78
47.08
48.71
48.12
49.61
48.6
49.12
49.72
48.73
49.46
48.76
48.26
48.53
48.45
49.15
49.18
48.53
48.08
48.79
48.25
49.29
48.26
48.61
48.25
48.78
48.63
48.27
48.79
48.24
47.73
47.54
47.8
49.76
49.14
48.44
49.02
47.64
48.91
48.89
48.08
46.96
47.99
48.35
47.64
47.68
47.94
47.95
48.28
47.81
48.67
47.59
47.98
47.94
47.77
47.39
48.31
46.68
46.69
46.63
47.31
48.28
46.61
47.18
49.01
48.9
47.51
47.95
46.56
48.43
48.44
47.06
47.56
48.29
47.18
47.99
47.78
46.02
46.6
48.29
48.67
46.82
48.09
47.68
48.62
47.19
46.08
47.77
47.48
49.16
47.16
46.92
48.09
48.63
47.55
46.32
45.89
47.06
47.44
48.16
46.91
47.6
48.16
46.95
47.28
46.84
48.53
47.89
47.41
47.86
48.12
47.75
46.84
46.41
46.88
47.43
45.94
47.18
48.73
47.56
46.94
46.71
46.7
46.51
47.44
45.55
50.24
48.23
46.94
48.82
47.34
46.86
47.59
47.7
47.89
47.7
46.88
47.16
47.65
49.1
47.32
48.72
49.14
47.24
46.92
48.04
48.06
48.05
48.66
48.44
48.61
47.49
48.18
48.2
47.21
47.97
48.12
47.82
47.57
47.54
47.59
48.89
48.75
47.93
47.09
47.56
46.76
47.29
48.19
48.82
47.57
49.66
48.12
47.46
47.98
48.24
46.8
48.55
47.64
47.8
48.75
47.29
48.22
48.23
46.27
47.16
49.09
47.68
47.93
47.23
46.76
47.72
47.21
45.46
47.9
47.29
47.6
48.14
48.7
48.51
47.44
47.51
46.38
47.36
47.45
47.42
47.76
47.99
49.62
47.55
48.23
46.35
48.16
48.06
47.46
48.44
48.57
46.43
47.91
47.58
46.74
46.47
46.77
47.09
48.0
47.4
49.85
47.3
48.14
47.9
46.66
47.4
48.65
48.14
46.96
47.27
48.79
48.2
47.73
47.44
48.35
48.39
48.53
48.21
47.48
47.02
49.37
47.75
47.85
48.65
49.13
48.26
46.76
48.87
47.79
47.46
47.42
46.74
47.84
50.24
49.36
47.72
47.41
48.52
47.71
47.74
48.14
48.03
48.29
48.3
46.97
47.97
48.15
47.17
48.29
46.95
48.31
48.82
49.57
48.06
48.63
46.88
48.68
47.58
47.04
48.27
46.59
48.24
47.63
47.19
46.96
47.78
47.52
48.14
48.45
48.39
48.33
47.83
49.24
48.25
48.46
47.89
46.67
47.43
46.74
49.1
49.1
47.95
48.78
47.11
48.07
47.01
47.97
46.9
48.42
48.45
47.98
47.29
47.82
47.28
45.18
46.92
46.46
47.42
48.41
47.89
47.32
48.27
45.87
47.26
47.72
47.12
47.63
47.14
48.65
47.53
47.75
47.38
49.22
49.58
48.25
47.48
48.19
48.45
49.25
48.27
47.94
48.75
46.92
47.78
47.99
48.73
49.15
47.86
48.04
46.71
49.43
48.06
48.68
48.78
48.01
48.93
48.95
49.55
48.2
48.78
47.24
49.11
48.32
48.93
48.61
47.92
47.49
48.59
48.16
48.69
47.29
48.61
48.38
48.18
47.96
47.39
47.5
48.94
48.33
48.59
48.38
49.08
48.3
47.28
48.6
47.37
49.02
48.38
47.8
48.31
48.09
48.12
48.34
48.54
46.62
47.88
47.45
48.6
47.55
49.02
47.74
47.45
48.73
47.05
47.06
47.85
48.74
48.1
48.74
48.15
47.76
47.03
46.18
47.99
47.64
47.99
48.43
48.49
47.5
48.42
46.77
47.13
47.91
47.5
47.58
46.81
48.58
48.21
47.84
47.28
47.86
49.28
47.12
48.57
48.04
48.05
48.53
49.41
46.65
48.78
48.67
48.56
47.77
47.84
47.25
47.93
47.77
48.03
47.08
47.39
49.12
48.76
47.89
46.75
47.08
47.03
48.06
47.72
49.27
48.56
48.89
48.69
47.74
48.19
47.91
48.43
47.88
48.13
48.72
48.19
47.64
47.35
48.03
48.34
47.91
48.07
47.68
47.61
48.98
48.91
48.27
48.34
48.44
48.0
48.29
48.96
48.15
47.75
48.24
49.14
50.23
48.78
48.19
48.15
47.22
47.37
48.38
48.7
48.62
47.95
49.28
47.82
46.78
47.7
48.03
48.15
49.03
48.29
48.54
47.97
47.26
46.98
49.03
47.28
47.43
48.64
47.39
48.59
47.71
48.21
46.22
47.39
47.13
46.85
47.96
47.53
48.27
48.7
47.47
45.91
46.76
46.1
47.34
47.22
47.58
47.76
47.84
48.47
49.91
49.02
48.16
51.15
50.36
49.15
49.49
51.4
52.01
51.01
49.36
